  497   12
     -23.3786    -165.6223      33.3903      62.6469     -92.6528    -100.9134
299.413  1.9217e-09  3.4047e+01  1.7914e-09  1.0727e+00
299.478  1.8483e-09  3.4948e+01  1.7587e-09  1.0509e+00
299.542  1.8875e-09  3.4047e+01  1.7824e-09  1.0590e+00
299.607  2.1208e-09  4.0621e+01  2.0213e-09  1.0492e+00
299.672  2.0143e-09  3.7631e+01  1.9032e-09  1.0584e+00
299.737  2.2401e-09  4.5492e+01  2.1300e-09  1.0517e+00
299.802  2.3453e-09  4.3610e+01  2.1991e-09  1.0665e+00
299.867  2.3188e-09  4.5686e+01  2.1811e-09  1.0631e+00
299.932  2.0860e-09  3.9873e+01  1.9422e-09  1.0740e+00
299.997  1.9299e-09  3.7631e+01  1.8154e-09  1.0630e+00
300.062  1.6967e-09  3.2860e+01  1.5788e-09  1.0747e+00
300.127  1.5230e-09  3.0607e+01  1.4343e-09  1.0618e+00
300.192  1.2753e-09  2.3840e+01  1.2086e-09  1.0552e+00
300.257  1.2132e-09  2.5901e+01  1.1941e-09  1.0160e+00
300.322  1.3815e-09  2.7289e+01  1.3430e-09  1.0286e+00
300.386  1.5691e-09  3.0485e+01  1.5311e-09  1.0248e+00
300.451  1.9084e-09  3.6136e+01  1.8193e-09  1.0490e+00
300.516  1.9889e-09  3.8378e+01  1.9060e-09  1.0435e+00
300.581  2.0891e-09  3.9126e+01  1.9899e-09  1.0498e+00
300.646  2.1505e-09  4.1368e+01  2.0643e-09  1.0417e+00
300.711  2.1245e-09  4.0621e+01  2.0136e-09  1.0551e+00
300.776  2.1130e-09  3.9873e+01  2.0064e-09  1.0531e+00
300.841  1.9510e-09  3.5388e+01  1.8464e-09  1.0567e+00
300.906  2.0018e-09  3.8378e+01  1.9325e-09  1.0359e+00
300.971  2.1466e-09  3.9873e+01  2.0501e-09  1.0470e+00
301.036  2.2904e-09  4.2309e+01  2.1796e-09  1.0508e+00
301.101  2.3692e-09  4.3804e+01  2.2397e-09  1.0578e+00
301.166  2.6410e-09  5.2079e+01  2.5218e-09  1.0473e+00
301.231  2.7269e-09  5.2079e+01  2.5875e-09  1.0539e+00
301.295  2.8652e-09  5.4902e+01  2.7343e-09  1.0479e+00
301.360  2.8927e-09  5.3020e+01  2.7141e-09  1.0658e+00
301.425  2.8760e-09  5.4205e+01  2.7220e-09  1.0566e+00
301.490  2.9975e-09  5.4902e+01  2.8382e-09  1.0561e+00
301.555  3.0518e-09  5.4902e+01  2.9053e-09  1.0504e+00
301.620  2.9898e-09  5.4902e+01  2.8068e-09  1.0652e+00
301.685  2.9086e-09  5.4902e+01  2.7392e-09  1.0619e+00
301.750  2.8103e-09  5.3961e+01  2.6264e-09  1.0700e+00
301.815  2.6569e-09  5.3020e+01  2.5041e-09  1.0610e+00
301.880  2.3904e-09  4.4745e+01  2.2317e-09  1.0711e+00
301.945  2.0708e-09  3.9873e+01  1.9399e-09  1.0675e+00
302.010  1.7221e-09  3.3454e+01  1.6063e-09  1.0721e+00
302.075  1.7425e-09  3.5388e+01  1.6718e-09  1.0423e+00
302.139  1.8938e-09  3.6883e+01  1.8074e-09  1.0478e+00
302.204  2.2275e-09  4.4745e+01  2.1363e-09  1.0427e+00
302.269  2.5094e-09  4.6433e+01  2.3608e-09  1.0630e+00
302.334  2.7804e-09  5.3961e+01  2.6389e-09  1.0536e+00
302.399  2.9926e-09  5.7272e+01  2.8272e-09  1.0585e+00
302.464  3.2855e-09  6.6749e+01  3.1286e-09  1.0501e+00
302.529  3.2541e-09  6.3195e+01  3.0962e-09  1.0510e+00
302.594  3.4906e-09  6.9118e+01  3.3475e-09  1.0427e+00
302.659  3.7799e-09  6.9118e+01  3.5938e-09  1.0518e+00
302.724  4.0776e-09  7.8066e+01  3.8771e-09  1.0517e+00
302.789  4.3675e-09  8.4032e+01  4.1157e-09  1.0612e+00
302.854  4.5480e-09  8.7014e+01  4.3220e-09  1.0523e+00
302.918  4.8800e-09  8.7014e+01  4.6520e-09  1.0490e+00
302.983  5.3137e-09  1.0203e+02  5.0548e-09  1.0512e+00
303.048  5.0899e-09  8.7014e+01  4.8011e-09  1.0602e+00
303.113  5.1823e-09  9.4524e+01  4.9513e-09  1.0467e+00
303.178  5.3105e-09  9.2647e+01  5.0535e-09  1.0509e+00
303.243  5.5911e-09  1.0954e+02  5.3446e-09  1.0461e+00
303.308  5.8207e-09  1.0954e+02  5.5396e-09  1.0508e+00
303.373  5.9250e-09  1.0954e+02  5.6440e-09  1.0498e+00
303.438  6.3370e-09  1.0954e+02  6.0538e-09  1.0468e+00
303.503  6.8764e-09  1.3554e+02  6.5828e-09  1.0446e+00
303.568  6.6396e-09  1.0954e+02  6.2295e-09  1.0658e+00
303.633  6.0091e-09  1.0954e+02  5.6000e-09  1.0731e+00
303.698  5.4389e-09  9.2647e+01  5.0788e-09  1.0709e+00
303.762  5.4741e-09  1.0391e+02  5.1686e-09  1.0591e+00
303.827  5.4855e-09  1.0203e+02  5.1708e-09  1.0609e+00
303.892  5.2794e-09  9.8279e+01  4.9637e-09  1.0636e+00
303.957  5.0565e-09  8.7014e+01  4.7577e-09  1.0628e+00
304.022  5.0541e-09  9.0769e+01  4.8249e-09  1.0475e+00
304.087  5.2189e-09  9.6402e+01  5.0109e-09  1.0415e+00
304.152  5.4937e-09  1.0767e+02  5.2921e-09  1.0381e+00
304.217  5.6784e-09  1.0954e+02  5.4422e-09  1.0434e+00
304.282  5.8603e-09  1.0954e+02  5.6006e-09  1.0464e+00
304.347  6.0157e-09  1.0954e+02  5.7381e-09  1.0484e+00
304.412  6.5401e-09  1.2373e+02  6.2772e-09  1.0419e+00
304.477  7.0191e-09  1.3791e+02  6.7289e-09  1.0431e+00
304.541  7.7459e-09  1.3791e+02  7.4078e-09  1.0456e+00
304.606  7.7391e-09  1.3791e+02  7.3002e-09  1.0601e+00
304.671  7.2995e-09  1.3791e+02  6.8907e-09  1.0593e+00
304.736  7.0773e-09  1.3554e+02  6.7269e-09  1.0521e+00
304.801  7.3331e-09  1.3791e+02  7.0377e-09  1.0420e+00
304.866  7.7643e-09  1.3791e+02  7.3832e-09  1.0516e+00
304.931  7.8594e-09  1.3791e+02  7.4289e-09  1.0579e+00
304.996  7.7606e-09  1.3791e+02  7.3904e-09  1.0501e+00
305.061  9.0847e-09  1.6767e+02  8.7724e-09  1.0356e+00
305.126  1.0808e-08  1.8860e+02  1.0394e-08  1.0398e+00
305.191  1.1835e-08  2.1857e+02  1.1277e-08  1.0495e+00
305.256  1.1969e-08  2.0733e+02  1.1286e-08  1.0605e+00
305.320  1.1544e-08  2.1108e+02  1.0896e-08  1.0594e+00
305.385  1.1753e-08  1.9984e+02  1.1195e-08  1.0498e+00
305.450  1.2108e-08  2.1857e+02  1.1552e-08  1.0482e+00
305.515  1.1849e-08  1.9609e+02  1.1190e-08  1.0589e+00
305.580  1.0953e-08  1.7736e+02  1.0268e-08  1.0667e+00
305.645  9.7444e-09  1.7362e+02  9.0950e-09  1.0714e+00
305.710  9.2595e-09  1.6171e+02  8.7260e-09  1.0611e+00
305.775  8.7643e-09  1.4088e+02  8.2289e-09  1.0651e+00
305.840  8.2565e-09  1.3791e+02  7.7783e-09  1.0615e+00
305.905  7.9098e-09  1.3791e+02  7.4646e-09  1.0596e+00
305.970  7.9031e-09  1.3791e+02  7.5467e-09  1.0472e+00
306.035  8.7312e-09  1.4684e+02  8.4105e-09  1.0381e+00
306.100  9.8877e-09  1.7362e+02  9.5401e-09  1.0364e+00
306.164  1.0958e-08  1.7362e+02  1.0534e-08  1.0403e+00
306.229  1.1836e-08  2.1108e+02  1.1378e-08  1.0403e+00
306.294  1.2220e-08  2.1857e+02  1.1712e-08  1.0434e+00
306.359  1.2296e-08  2.1857e+02  1.1824e-08  1.0399e+00
306.424  1.2486e-08  2.1857e+02  1.1986e-08  1.0417e+00
306.489  1.2217e-08  2.1857e+02  1.1638e-08  1.0498e+00
306.554  1.1679e-08  1.9984e+02  1.1094e-08  1.0527e+00
306.619  1.0998e-08  1.9235e+02  1.0445e-08  1.0529e+00
306.684  1.0763e-08  1.7736e+02  1.0296e-08  1.0453e+00
306.749  1.1474e-08  2.1857e+02  1.1039e-08  1.0394e+00
306.814  1.2636e-08  2.1857e+02  1.2120e-08  1.0426e+00
306.879  1.3624e-08  2.2800e+02  1.3027e-08  1.0458e+00
306.943  1.4295e-08  2.5158e+02  1.3754e-08  1.0394e+00
307.008  1.5953e-08  2.7516e+02  1.5426e-08  1.0341e+00
307.073  1.7383e-08  2.7516e+02  1.6812e-08  1.0339e+00
307.138  1.8286e-08  3.1672e+02  1.7662e-08  1.0353e+00
307.203  1.9170e-08  3.3454e+02  1.8497e-08  1.0364e+00
307.268  2.0174e-08  3.4641e+02  1.9388e-08  1.0405e+00
307.333  2.0568e-08  3.4641e+02  1.9708e-08  1.0436e+00
307.398  2.0912e-08  3.4641e+02  1.9854e-08  1.0533e+00
307.463  1.9664e-08  3.2860e+02  1.8690e-08  1.0521e+00
307.528  2.0469e-08  3.4641e+02  1.9622e-08  1.0431e+00
307.593  2.1924e-08  3.4641e+02  2.1025e-08  1.0428e+00
307.658  2.2595e-08  3.4641e+02  2.1564e-08  1.0478e+00
307.722  2.1472e-08  3.4641e+02  2.0492e-08  1.0478e+00
307.787  2.1520e-08  3.4641e+02  2.0682e-08  1.0405e+00
307.852  2.2564e-08  3.4641e+02  2.1885e-08  1.0310e+00
307.917  2.4245e-08  3.9126e+02  2.3475e-08  1.0328e+00
307.982  2.4021e-08  3.4641e+02  2.3116e-08  1.0392e+00
308.047  2.2893e-08  3.4641e+02  2.1951e-08  1.0429e+00
308.112  2.1699e-08  3.4641e+02  2.0923e-08  1.0371e+00
308.177  2.2234e-08  3.4641e+02  2.1490e-08  1.0346e+00
308.242  2.1632e-08  3.4641e+02  2.0818e-08  1.0391e+00
308.307  2.1535e-08  3.4641e+02  2.0910e-08  1.0299e+00
308.372  2.3104e-08  3.4641e+02  2.2420e-08  1.0305e+00
308.437  2.4477e-08  3.9126e+02  2.3729e-08  1.0315e+00
308.501  2.6401e-08  4.3610e+02  2.5609e-08  1.0309e+00
308.566  2.7730e-08  4.3610e+02  2.6775e-08  1.0357e+00
308.631  2.7934e-08  4.3610e+02  2.6919e-08  1.0377e+00
308.696  2.8109e-08  4.3610e+02  2.7062e-08  1.0387e+00
308.761  2.8009e-08  4.3610e+02  2.6875e-08  1.0422e+00
308.826  2.6844e-08  4.3610e+02  2.5700e-08  1.0445e+00
308.891  2.5835e-08  4.2863e+02  2.4739e-08  1.0443e+00
308.956  2.4839e-08  3.9126e+02  2.3765e-08  1.0452e+00
309.021  2.3690e-08  3.4641e+02  2.2676e-08  1.0447e+00
309.086  2.3846e-08  3.6883e+02  2.2830e-08  1.0445e+00
309.151  2.3669e-08  3.4641e+02  2.2338e-08  1.0596e+00
309.216  2.1845e-08  3.4641e+02  2.0438e-08  1.0688e+00
309.280  2.1041e-08  3.4641e+02  1.9795e-08  1.0629e+00
309.345  2.2604e-08  3.4641e+02  2.1368e-08  1.0578e+00
309.410  2.5007e-08  3.8378e+02  2.3756e-08  1.0527e+00
309.475  2.8454e-08  4.3610e+02  2.6863e-08  1.0592e+00
309.540  2.8768e-08  4.3610e+02  2.6951e-08  1.0674e+00
309.605  2.9003e-08  4.3610e+02  2.7599e-08  1.0509e+00
309.670  3.1592e-08  4.4551e+02  3.0323e-08  1.0418e+00
309.735  3.4264e-08  5.4902e+02  3.2794e-08  1.0448e+00
309.800  3.4831e-08  5.4902e+02  3.3006e-08  1.0553e+00
309.865  3.2681e-08  4.7374e+02  3.0517e-08  1.0709e+00
309.930  2.9138e-08  4.3610e+02  2.7223e-08  1.0703e+00
309.995  2.8316e-08  4.3610e+02  2.6714e-08  1.0600e+00
310.059  2.8179e-08  4.3610e+02  2.6567e-08  1.0607e+00
310.124  2.7206e-08  4.3610e+02  2.5736e-08  1.0571e+00
310.189  2.7498e-08  4.3610e+02  2.6158e-08  1.0512e+00
310.254  2.9598e-08  4.3610e+02  2.8168e-08  1.0508e+00
310.319  3.3154e-08  4.3610e+02  3.1854e-08  1.0408e+00
310.384  3.8393e-08  5.4902e+02  3.7030e-08  1.0368e+00
310.449  4.2081e-08  5.4902e+02  4.0741e-08  1.0329e+00
310.514  4.6257e-08  6.9118e+02  4.5089e-08  1.0259e+00
310.579  5.0296e-08  6.9118e+02  4.9032e-08  1.0258e+00
310.644  5.2415e-08  6.9118e+02  5.0961e-08  1.0285e+00
310.709  5.4714e-08  6.9118e+02  5.3376e-08  1.0251e+00
310.774  5.7028e-08  7.2101e+02  5.5453e-08  1.0284e+00
310.839  5.8664e-08  7.3592e+02  5.7058e-08  1.0281e+00
310.903  6.0015e-08  7.8066e+02  5.8156e-08  1.0320e+00
310.968  5.9696e-08  7.3592e+02  5.7895e-08  1.0311e+00
311.033  6.1148e-08  7.9557e+02  5.9277e-08  1.0316e+00
311.098  6.0993e-08  7.0609e+02  5.9118e-08  1.0317e+00
311.163  6.1473e-08  8.2540e+02  5.9480e-08  1.0335e+00
311.228  6.0828e-08  6.9118e+02  5.8706e-08  1.0361e+00
311.293  5.9637e-08  6.9118e+02  5.7457e-08  1.0379e+00
311.358  5.8731e-08  6.9118e+02  5.7053e-08  1.0294e+00
311.423  6.1261e-08  8.2540e+02  5.9562e-08  1.0285e+00
311.488  6.1785e-08  7.3592e+02  5.9915e-08  1.0312e+00
311.553  6.1180e-08  7.8066e+02  5.9016e-08  1.0367e+00
311.618  5.8682e-08  6.9118e+02  5.6705e-08  1.0349e+00
311.682  5.7713e-08  6.9118e+02  5.5995e-08  1.0307e+00
311.747  5.8386e-08  6.9118e+02  5.6871e-08  1.0266e+00
311.812  5.9684e-08  6.9118e+02  5.7676e-08  1.0348e+00
311.877  5.7641e-08  6.9118e+02  5.5553e-08  1.0376e+00
311.942  5.6050e-08  6.9118e+02  5.4099e-08  1.0361e+00
312.007  5.7104e-08  6.9118e+02  5.5486e-08  1.0292e+00
312.072  5.7595e-08  6.9118e+02  5.5729e-08  1.0335e+00
312.137  5.7866e-08  6.9118e+02  5.6169e-08  1.0302e+00
312.202  6.0948e-08  6.9118e+02  5.9147e-08  1.0305e+00
312.267  6.4230e-08  7.8066e+02  6.2559e-08  1.0267e+00
312.332  7.0253e-08  8.7014e+02  6.8093e-08  1.0317e+00
312.397  7.1084e-08  8.7014e+02  6.8388e-08  1.0394e+00
312.461  7.1719e-08  8.7014e+02  6.8990e-08  1.0396e+00
312.526  7.3834e-08  8.7014e+02  7.1141e-08  1.0379e+00
312.591  7.6677e-08  8.7014e+02  7.3793e-08  1.0391e+00
312.656  7.8108e-08  8.7014e+02  7.5043e-08  1.0408e+00
312.721  7.8208e-08  8.7014e+02  7.4755e-08  1.0462e+00
312.786  7.4861e-08  8.7014e+02  7.1916e-08  1.0410e+00
312.851  7.8723e-08  8.7014e+02  7.6459e-08  1.0296e+00
312.916  8.1792e-08  8.7014e+02  7.8944e-08  1.0361e+00
312.981  8.2390e-08  8.7014e+02  7.9561e-08  1.0356e+00
313.046  8.3573e-08  8.7014e+02  8.0668e-08  1.0360e+00
313.111  8.1913e-08  8.7014e+02  7.8880e-08  1.0385e+00
313.176  8.1090e-08  8.7014e+02  7.8375e-08  1.0346e+00
313.241  8.1523e-08  8.7014e+02  7.8480e-08  1.0388e+00
313.305  7.7219e-08  8.7014e+02  7.3931e-08  1.0445e+00
313.370  7.5167e-08  8.7014e+02  7.2636e-08  1.0348e+00
313.435  7.6105e-08  8.7014e+02  7.3500e-08  1.0354e+00
313.500  7.5050e-08  8.7014e+02  7.2268e-08  1.0385e+00
313.565  7.4262e-08  8.7014e+02  7.1712e-08  1.0356e+00
313.630  7.6413e-08  8.7014e+02  7.3900e-08  1.0340e+00
313.695  8.0176e-08  8.7014e+02  7.7892e-08  1.0293e+00
313.760  8.6450e-08  9.8279e+02  8.4260e-08  1.0260e+00
313.825  9.1399e-08  1.0954e+03  8.8693e-08  1.0305e+00
313.890  9.3205e-08  1.0954e+03  9.0257e-08  1.0327e+00
313.955  9.6792e-08  1.0954e+03  9.4136e-08  1.0282e+00
314.020  1.0375e-07  1.0954e+03  1.0099e-07  1.0273e+00
314.084  1.0752e-07  1.0954e+03  1.0450e-07  1.0289e+00
314.149  1.0851e-07  1.0954e+03  1.0499e-07  1.0335e+00
314.214  1.0521e-07  1.0954e+03  1.0090e-07  1.0427e+00
314.279  9.6482e-08  1.0954e+03  9.1623e-08  1.0530e+00
314.344  8.9987e-08  8.7014e+02  8.5325e-08  1.0546e+00
314.409  8.6049e-08  8.7014e+02  8.1496e-08  1.0559e+00
314.474  8.2973e-08  8.7014e+02  7.8799e-08  1.0530e+00
314.539  8.2068e-08  8.7014e+02  7.7980e-08  1.0524e+00
314.604  8.0259e-08  8.7014e+02  7.6668e-08  1.0468e+00
314.669  8.1863e-08  8.7014e+02  7.9298e-08  1.0323e+00
314.734  9.1493e-08  9.2647e+02  8.9842e-08  1.0184e+00
314.799  1.0560e-07  1.0954e+03  1.0361e-07  1.0193e+00
314.863  1.1279e-07  1.0954e+03  1.0985e-07  1.0268e+00
314.928  1.1525e-07  1.0954e+03  1.1185e-07  1.0304e+00
314.993  1.1654e-07  1.0954e+03  1.1315e-07  1.0299e+00
315.058  1.2019e-07  1.0954e+03  1.1663e-07  1.0305e+00
315.123  1.2345e-07  1.0954e+03  1.1962e-07  1.0321e+00
315.188  1.2359e-07  1.0954e+03  1.1923e-07  1.0365e+00
315.253  1.2055e-07  1.0954e+03  1.1634e-07  1.0362e+00
315.318  1.1677e-07  1.0954e+03  1.1239e-07  1.0389e+00
315.383  1.1455e-07  1.0954e+03  1.1043e-07  1.0373e+00
315.448  1.1161e-07  1.0954e+03  1.0740e-07  1.0392e+00
315.513  1.0951e-07  1.0954e+03  1.0537e-07  1.0393e+00
315.578  1.0478e-07  1.0954e+03  1.0007e-07  1.0471e+00
315.642  9.6588e-08  9.2647e+02  9.1985e-08  1.0500e+00
315.707  8.9435e-08  8.7014e+02  8.4925e-08  1.0531e+00
315.772  8.3586e-08  8.7014e+02  7.9802e-08  1.0474e+00
315.837  8.1245e-08  8.7014e+02  7.7700e-08  1.0456e+00
315.902  7.8795e-08  8.7014e+02  7.5805e-08  1.0394e+00
315.967  7.5763e-08  8.7014e+02  7.3026e-08  1.0375e+00
316.032  7.5344e-08  8.7014e+02  7.3442e-08  1.0259e+00
316.097  8.0341e-08  8.7014e+02  7.8319e-08  1.0258e+00
316.162  8.6190e-08  8.7014e+02  8.4303e-08  1.0224e+00
316.227  9.7883e-08  1.0954e+03  9.5725e-08  1.0225e+00
316.292  1.0642e-07  1.0954e+03  1.0354e-07  1.0278e+00
316.357  1.0958e-07  1.0954e+03  1.0636e-07  1.0303e+00
316.421  1.1590e-07  1.0954e+03  1.1316e-07  1.0242e+00
316.486  1.2355e-07  1.0954e+03  1.2040e-07  1.0262e+00
316.551  1.2611e-07  1.0954e+03  1.2344e-07  1.0217e+00
316.616  1.3470e-07  1.2373e+03  1.3169e-07  1.0229e+00
316.681  1.3726e-07  1.2373e+03  1.3345e-07  1.0285e+00
316.746  1.3574e-07  1.1900e+03  1.3195e-07  1.0287e+00
316.811  1.3680e-07  1.1427e+03  1.3369e-07  1.0233e+00
316.876  1.3899e-07  1.2845e+03  1.3603e-07  1.0218e+00
316.941  1.4215e-07  1.3082e+03  1.3999e-07  1.0154e+00
317.006  1.5220e-07  1.3791e+03  1.4932e-07  1.0193e+00
317.071  1.5173e-07  1.3791e+03  1.4859e-07  1.0212e+00
317.136  1.5456e-07  1.3791e+03  1.5202e-07  1.0167e+00
317.200  1.6367e-07  1.3791e+03  1.6119e-07  1.0154e+00
317.265  1.6899e-07  1.3791e+03  1.6614e-07  1.0172e+00
317.330  1.7379e-07  1.3791e+03  1.7038e-07  1.0200e+00
317.395  1.7050e-07  1.3791e+03  1.6649e-07  1.0241e+00
317.460  1.6423e-07  1.3791e+03  1.6103e-07  1.0199e+00
317.525  1.6369e-07  1.3791e+03  1.6071e-07  1.0186e+00
317.590  1.6510e-07  1.3791e+03  1.6176e-07  1.0206e+00
317.655  1.6027e-07  1.3791e+03  1.5641e-07  1.0247e+00
317.720  1.5471e-07  1.3791e+03  1.5089e-07  1.0253e+00
317.785  1.4742e-07  1.3791e+03  1.4323e-07  1.0292e+00
317.850  1.4103e-07  1.0954e+03  1.3706e-07  1.0290e+00
317.915  1.3622e-07  1.0954e+03  1.3194e-07  1.0324e+00
317.979  1.2901e-07  1.0954e+03  1.2487e-07  1.0331e+00
318.044  1.1660e-07  1.0954e+03  1.1266e-07  1.0350e+00
318.109  1.1113e-07  1.0954e+03  1.0877e-07  1.0217e+00
318.174  1.1230e-07  1.0954e+03  1.0967e-07  1.0240e+00
318.239  1.1427e-07  1.0954e+03  1.1243e-07  1.0164e+00
318.304  1.2379e-07  1.0954e+03  1.2136e-07  1.0200e+00
318.369  1.2949e-07  1.0954e+03  1.2706e-07  1.0191e+00
318.434  1.3637e-07  1.0954e+03  1.3412e-07  1.0168e+00
318.499  1.4778e-07  1.2373e+03  1.4569e-07  1.0143e+00
318.564  1.5529e-07  1.3791e+03  1.5199e-07  1.0217e+00
318.629  1.6209e-07  1.3791e+03  1.5903e-07  1.0193e+00
318.694  1.6809e-07  1.3791e+03  1.6429e-07  1.0231e+00
318.758  1.7172e-07  1.3791e+03  1.6894e-07  1.0164e+00
318.823  1.8984e-07  1.3791e+03  1.8653e-07  1.0178e+00
318.888  2.0111e-07  1.3791e+03  1.9635e-07  1.0242e+00
318.953  2.0312e-07  1.3791e+03  1.9729e-07  1.0296e+00
319.018  2.0454e-07  1.3791e+03  1.9890e-07  1.0284e+00
319.083  1.9872e-07  1.3791e+03  1.9233e-07  1.0332e+00
319.148  1.8584e-07  1.3791e+03  1.7992e-07  1.0329e+00
319.213  1.7781e-07  1.3791e+03  1.7166e-07  1.0358e+00
319.278  1.5912e-07  1.0954e+03  1.5384e-07  1.0343e+00
319.343  1.4549e-07  1.0954e+03  1.4163e-07  1.0273e+00
319.408  1.3910e-07  1.0954e+03  1.3690e-07  1.0161e+00
319.472  1.3771e-07  1.0954e+03  1.3531e-07  1.0178e+00
319.537  1.3988e-07  1.0954e+03  1.3774e-07  1.0155e+00
319.602  1.4577e-07  1.0954e+03  1.4311e-07  1.0186e+00
319.667  1.5544e-07  1.0954e+03  1.5324e-07  1.0144e+00
319.732  1.6560e-07  1.2609e+03  1.6323e-07  1.0145e+00
319.797  1.7581e-07  1.3791e+03  1.7271e-07  1.0180e+00
319.862  1.7869e-07  1.3791e+03  1.7432e-07  1.0251e+00
319.927  1.7441e-07  1.3791e+03  1.7058e-07  1.0225e+00
319.992  1.7429e-07  1.3791e+03  1.7157e-07  1.0159e+00
320.057  1.8397e-07  1.3791e+03  1.8231e-07  1.0091e+00
320.122  1.8539e-07  1.3791e+03  1.8222e-07  1.0174e+00
320.186  1.8140e-07  1.3791e+03  1.7845e-07  1.0165e+00
320.251  1.8024e-07  1.3791e+03  1.7814e-07  1.0118e+00
320.316  1.9243e-07  1.3791e+03  1.9182e-07  1.0032e+00
320.381  2.0808e-07  1.3791e+03  2.0679e-07  1.0062e+00
320.446  2.1348e-07  1.3791e+03  2.1139e-07  1.0099e+00
320.511  2.1964e-07  1.3791e+03  2.1748e-07  1.0099e+00
320.576  2.2924e-07  1.3791e+03  2.2779e-07  1.0064e+00
320.641  2.3864e-07  1.4684e+03  2.3662e-07  1.0085e+00
320.706  2.4114e-07  1.3791e+03  2.3837e-07  1.0116e+00
320.771  2.3557e-07  1.3791e+03  2.3186e-07  1.0160e+00
320.836  2.2780e-07  1.3791e+03  2.2503e-07  1.0123e+00
320.900  2.2861e-07  1.3791e+03  2.2461e-07  1.0178e+00
320.965  2.1632e-07  1.3791e+03  2.1251e-07  1.0179e+00
321.030  2.0840e-07  1.3791e+03  2.0434e-07  1.0199e+00
321.095  1.9477e-07  1.3791e+03  1.9111e-07  1.0192e+00
321.160  1.8610e-07  1.3082e+03  1.8345e-07  1.0145e+00
321.225  1.8261e-07  1.1191e+03  1.7993e-07  1.0149e+00
321.290  1.7399e-07  1.0954e+03  1.7100e-07  1.0175e+00
321.355  1.6684e-07  1.0954e+03  1.6605e-07  1.0048e+00
321.420  1.7386e-07  1.0954e+03  1.7267e-07  1.0069e+00
321.485  1.8022e-07  1.0954e+03  1.7915e-07  1.0060e+00
321.549  1.8935e-07  1.2373e+03  1.8658e-07  1.0148e+00
321.614  1.8519e-07  1.2373e+03  1.8295e-07  1.0122e+00
321.679  1.9294e-07  1.2845e+03  1.9161e-07  1.0069e+00
321.744  2.0709e-07  1.3791e+03  2.0644e-07  1.0032e+00
321.809  2.1963e-07  1.3791e+03  2.1632e-07  1.0153e+00
321.874  2.1500e-07  1.3791e+03  2.1164e-07  1.0159e+00
321.939  2.1657e-07  1.3791e+03  2.1310e-07  1.0163e+00
322.004  2.1981e-07  1.3791e+03  2.1649e-07  1.0153e+00
322.069  2.1888e-07  1.3791e+03  2.1387e-07  1.0234e+00
322.134  2.0995e-07  1.3082e+03  2.0435e-07  1.0274e+00
322.198  1.9671e-07  1.0954e+03  1.9045e-07  1.0329e+00
322.263  1.8974e-07  1.0954e+03  1.8610e-07  1.0196e+00
322.328  1.9857e-07  1.2373e+03  1.9416e-07  1.0227e+00
322.393  1.9517e-07  1.0954e+03  1.8971e-07  1.0288e+00
322.458  1.8397e-07  1.0954e+03  1.7833e-07  1.0316e+00
322.523  1.8083e-07  1.0954e+03  1.7687e-07  1.0224e+00
322.588  1.8201e-07  1.0954e+03  1.7788e-07  1.0232e+00
322.653  1.8050e-07  1.0954e+03  1.7599e-07  1.0257e+00
322.718  1.7092e-07  1.0954e+03  1.6535e-07  1.0337e+00
322.783  1.5662e-07  1.0954e+03  1.5173e-07  1.0322e+00
322.847  1.4826e-07  9.0769e+02  1.4402e-07  1.0294e+00
322.912  1.4989e-07  9.8279e+02  1.4750e-07  1.0162e+00
322.977  1.5663e-07  1.0954e+03  1.5389e-07  1.0178e+00
323.042  1.6429e-07  1.0954e+03  1.6215e-07  1.0132e+00
323.107  1.7729e-07  1.0954e+03  1.7511e-07  1.0125e+00
323.172  1.8956e-07  1.0954e+03  1.8639e-07  1.0170e+00
323.237  2.0195e-07  1.0954e+03  1.9798e-07  1.0200e+00
323.302  2.1000e-07  1.0954e+03  2.0526e-07  1.0231e+00
323.367  2.1091e-07  1.0954e+03  2.0503e-07  1.0287e+00
323.431  2.1749e-07  1.0954e+03  2.1144e-07  1.0286e+00
323.496  2.2058e-07  1.1664e+03  2.1209e-07  1.0400e+00
323.561  2.0554e-07  1.0954e+03  1.9813e-07  1.0374e+00
323.626  2.0879e-07  1.0954e+03  2.0266e-07  1.0303e+00
323.691  2.1633e-07  1.0954e+03  2.1099e-07  1.0253e+00
323.756  2.2705e-07  1.3554e+03  2.2103e-07  1.0272e+00
323.821  2.2990e-07  1.3554e+03  2.2385e-07  1.0270e+00
323.886  2.3006e-07  1.3791e+03  2.2467e-07  1.0240e+00
323.951  2.4075e-07  1.3791e+03  2.3719e-07  1.0150e+00
324.015  2.5667e-07  1.3791e+03  2.5186e-07  1.0191e+00
324.080  2.5743e-07  1.3791e+03  2.5176e-07  1.0225e+00
324.145  2.5568e-07  1.3791e+03  2.4937e-07  1.0253e+00
324.210  2.5191e-07  1.3791e+03  2.4685e-07  1.0205e+00
324.275  2.5886e-07  1.3791e+03  2.5377e-07  1.0201e+00
324.340  2.5861e-07  1.3791e+03  2.5354e-07  1.0200e+00
324.405  2.5822e-07  1.3791e+03  2.5236e-07  1.0232e+00
324.470  2.5413e-07  1.3791e+03  2.4993e-07  1.0168e+00
324.535  2.6595e-07  1.3791e+03  2.6148e-07  1.0171e+00
324.599  2.5843e-07  1.3791e+03  2.5245e-07  1.0237e+00
324.664  2.5082e-07  1.3791e+03  2.4507e-07  1.0235e+00
324.729  2.4394e-07  1.3082e+03  2.3812e-07  1.0245e+00
324.794  2.3923e-07  1.3082e+03  2.3243e-07  1.0293e+00
324.859  2.2893e-07  1.0954e+03  2.2314e-07  1.0259e+00
324.924  2.2142e-07  1.0954e+03  2.1472e-07  1.0312e+00
324.989  2.0545e-07  1.0954e+03  2.0000e-07  1.0273e+00
325.054  2.0758e-07  1.0954e+03  2.0381e-07  1.0185e+00
325.118  2.1704e-07  1.0954e+03  2.1356e-07  1.0163e+00
325.183  2.2706e-07  1.2373e+03  2.2391e-07  1.0141e+00
325.248  2.3594e-07  1.3554e+03  2.3285e-07  1.0133e+00
325.313  2.3361e-07  1.3082e+03  2.2960e-07  1.0175e+00
325.378  2.4265e-07  1.3791e+03  2.4019e-07  1.0103e+00
325.443  2.6294e-07  1.3791e+03  2.5928e-07  1.0141e+00
325.508  2.6931e-07  1.3791e+03  2.6596e-07  1.0126e+00
325.572  2.8383e-07  1.3791e+03  2.7966e-07  1.0149e+00
325.637  2.8550e-07  1.3791e+03  2.8167e-07  1.0136e+00
325.702  2.9077e-07  1.3791e+03  2.8788e-07  1.0100e+00
325.767  3.1149e-07  1.3791e+03  3.0979e-07  1.0055e+00
325.832  3.2518e-07  1.3791e+03  3.2249e-07  1.0084e+00
325.897  3.2452e-07  1.3791e+03  3.2235e-07  1.0067e+00
325.962  3.3566e-07  1.3791e+03  3.3293e-07  1.0082e+00
326.027  3.3580e-07  1.3791e+03  3.3329e-07  1.0075e+00
326.091  3.4237e-07  1.6767e+03  3.4029e-07  1.0061e+00
326.156  3.5053e-07  1.7362e+03  3.4896e-07  1.0045e+00
326.221  3.5332e-07  1.7362e+03  3.5063e-07  1.0077e+00
326.286  3.4606e-07  1.5279e+03  3.4356e-07  1.0073e+00
326.351  3.3909e-07  1.4684e+03  3.3597e-07  1.0093e+00
326.416  3.2587e-07  1.3791e+03  3.2418e-07  1.0052e+00
326.481  3.2416e-07  1.3791e+03  3.2391e-07  1.0008e+00
326.545  3.3588e-07  1.4088e+03  3.3553e-07  1.0011e+00
326.610  3.3653e-07  1.4088e+03  3.3526e-07  1.0038e+00
326.675  3.3511e-07  1.3791e+03  3.3465e-07  1.0014e+00
326.740  3.4468e-07  1.7362e+03  3.4442e-07  1.0008e+00
326.805  3.5584e-07  1.7362e+03  3.5638e-07  9.9850e-01
326.870  3.6589e-07  1.7362e+03  3.6552e-07  1.0010e+00
326.935  3.6781e-07  1.7362e+03  3.6620e-07  1.0044e+00
326.999  3.5196e-07  1.7362e+03  3.4833e-07  1.0104e+00
327.064  3.4045e-07  1.4088e+03  3.3767e-07  1.0082e+00
327.129  3.2938e-07  1.3791e+03  3.2692e-07  1.0075e+00
327.194  3.2286e-07  1.3791e+03  3.2057e-07  1.0071e+00
327.259  3.2092e-07  1.3791e+03  3.1727e-07  1.0115e+00
327.324  3.1636e-07  1.3791e+03  3.1330e-07  1.0098e+00
327.389  3.1914e-07  1.3791e+03  3.1644e-07  1.0085e+00
327.453  3.3256e-07  1.3791e+03  3.3094e-07  1.0049e+00
327.518  3.3950e-07  1.3791e+03  3.3642e-07  1.0091e+00
327.583  3.3563e-07  1.3791e+03  3.3216e-07  1.0104e+00
327.648  3.2612e-07  1.3791e+03  3.2237e-07  1.0116e+00
327.713  3.2320e-07  1.3791e+03  3.2057e-07  1.0082e+00
327.778  3.1563e-07  1.3791e+03  3.1179e-07  1.0123e+00
327.842  3.0267e-07  1.3791e+03  2.9861e-07  1.0136e+00
327.907  2.8516e-07  1.3791e+03  2.8180e-07  1.0119e+00
327.972  2.8531e-07  1.3791e+03  2.8280e-07  1.0089e+00
328.037  2.9059e-07  1.3791e+03  2.8733e-07  1.0113e+00
328.102  2.8989e-07  1.3791e+03  2.8596e-07  1.0138e+00
328.167  2.8311e-07  1.3791e+03  2.7941e-07  1.0133e+00
328.231  2.8742e-07  1.3791e+03  2.8484e-07  1.0090e+00
328.296  3.0254e-07  1.3791e+03  2.9948e-07  1.0102e+00
328.361  3.0902e-07  1.3791e+03  3.0545e-07  1.0117e+00
328.426  3.0930e-07  1.3791e+03  3.0505e-07  1.0139e+00
328.491  3.1187e-07  1.3791e+03  3.0739e-07  1.0146e+00
328.556  3.0572e-07  1.3791e+03  2.9955e-07  1.0206e+00
328.620  2.9954e-07  1.3791e+03  2.9481e-07  1.0161e+00
328.685  3.0361e-07  1.3791e+03  2.9852e-07  1.0170e+00
328.750  2.9040e-07  1.3791e+03  2.8646e-07  1.0138e+00
328.815  2.9308e-07  1.3791e+03  2.9011e-07  1.0102e+00
328.880  3.1167e-07  1.3791e+03  3.0913e-07  1.0082e+00
328.945  3.2433e-07  1.3791e+03  3.2083e-07  1.0109e+00
329.009  3.4355e-07  1.3791e+03  3.4314e-07  1.0012e+00
329.074  3.6525e-07  1.3791e+03  3.6351e-07  1.0048e+00
329.139  3.7210e-07  1.3791e+03  3.7104e-07  1.0028e+00
329.204  3.9047e-07  1.3791e+03  3.8936e-07  1.0028e+00
329.269  4.0119e-07  1.5576e+03  4.0008e-07  1.0028e+00
329.333  4.0772e-07  1.5576e+03  4.0538e-07  1.0058e+00
329.398  4.0318e-07  1.4386e+03  4.0234e-07  1.0021e+00
329.463  4.0395e-07  1.4386e+03  4.0283e-07  1.0028e+00
329.528  4.0599e-07  1.3791e+03  4.0630e-07  9.9924e-01
329.593  4.1721e-07  1.5576e+03  4.1734e-07  9.9968e-01
329.657  4.1688e-07  1.4981e+03  4.1694e-07  9.9985e-01
329.722  4.0802e-07  1.3791e+03  4.0700e-07  1.0025e+00
329.787  3.9934e-07  1.3791e+03  4.0017e-07  9.9792e-01
329.852  4.0029e-07  1.3791e+03  4.0191e-07  9.9597e-01
329.917  4.1478e-07  1.4088e+03  4.1758e-07  9.9329e-01
329.981  4.3029e-07  1.5576e+03  4.3217e-07  9.9564e-01
330.046  4.3097e-07  1.4684e+03  4.3097e-07  1.0000e+00
330.111  4.1136e-07  1.3791e+03  4.1136e-07  1.0000e+00
330.176  4.0249e-07  1.3791e+03  4.0249e-07  1.0000e+00
330.241  3.9673e-07  1.3791e+03  3.9673e-07  1.0000e+00
330.305  3.9038e-07  1.3791e+03  3.9038e-07  1.0000e+00
330.370  3.6542e-07  1.3791e+03  3.6542e-07  1.0000e+00
330.435  3.4311e-07  1.2609e+03  3.4311e-07  1.0000e+00
330.500  3.1619e-07  1.0954e+03  3.1619e-07  1.0000e+00
330.565  3.0662e-07  1.0954e+03  3.0662e-07  1.0000e+00
330.629  3.1164e-07  1.0954e+03  3.1164e-07  1.0000e+00
330.694  3.0896e-07  1.0954e+03  3.0896e-07  1.0000e+00
330.759  3.0385e-07  1.0954e+03  3.0385e-07  1.0000e+00
330.824  3.0818e-07  1.0954e+03  3.0818e-07  1.0000e+00
330.889  3.0692e-07  1.0954e+03  3.0692e-07  1.0000e+00
330.953  3.1981e-07  1.0954e+03  3.1981e-07  1.0000e+00
331.018  3.3520e-07  1.0954e+03  3.3520e-07  1.0000e+00
331.083  3.3824e-07  1.0954e+03  3.3824e-07  1.0000e+00
331.148  3.3214e-07  1.0954e+03  3.3214e-07  1.0000e+00
331.212  3.3403e-07  1.0954e+03  3.3403e-07  1.0000e+00
331.277  3.2530e-07  1.0954e+03  3.2530e-07  1.0000e+00
331.342  3.1805e-07  1.0954e+03  3.1805e-07  1.0000e+00
331.407  3.1417e-07  1.0954e+03  3.1417e-07  1.0000e+00
331.471  3.0862e-07  1.0954e+03  3.0862e-07  1.0000e+00
331.536  3.1256e-07  1.0954e+03  3.1256e-07  1.0000e+00
331.601  3.1741e-07  1.0954e+03  3.1741e-07  1.0000e+00
