  497    3
     -23.3750     169.2151      10.7214      65.0822     -78.1272      74.1250
266.863  1.0156e-10  6.1696e+00  1.0156e-10  1.0000e+00
266.928  1.3193e-10  7.6130e+00  1.3193e-10  1.0000e+00
266.993  1.6225e-10  9.4300e+00  1.6225e-10  1.0000e+00
267.058  1.3194e-10  7.4906e+00  1.3194e-10  1.0000e+00
267.123  1.3040e-10  7.0178e+00  1.3040e-10  1.0000e+00
267.188  1.2939e-10  7.4906e+00  1.2939e-10  1.0000e+00
267.253  1.3164e-10  7.6130e+00  1.3164e-10  1.0000e+00
267.318  1.6693e-10  9.4300e+00  1.6693e-10  1.0000e+00
267.383  1.6865e-10  9.4300e+00  1.6865e-10  1.0000e+00
267.448  1.3873e-10  7.4906e+00  1.3873e-10  1.0000e+00
267.513  1.2888e-10  7.2943e+00  1.2888e-10  1.0000e+00
267.578  1.1143e-10  6.4227e+00  1.1143e-10  1.0000e+00
267.643  1.7490e-10  1.0179e+01  1.7490e-10  1.0000e+00
267.708  1.5156e-10  8.6808e+00  1.5156e-10  1.0000e+00
267.773  1.5532e-10  8.8349e+00  1.5532e-10  1.0000e+00
267.837  1.2287e-10  7.0178e+00  1.2287e-10  1.0000e+00
267.902  1.3349e-10  7.7670e+00  1.3349e-10  1.0000e+00
267.967  1.2147e-10  7.0178e+00  1.2147e-10  1.0000e+00
268.032  1.4101e-10  8.2398e+00  1.4101e-10  1.0000e+00
268.097  1.2432e-10  7.4906e+00  1.2432e-10  1.0000e+00
268.162  1.1003e-10  6.4227e+00  1.1003e-10  1.0000e+00
268.227  1.1355e-10  7.2374e+00  1.1355e-10  1.0000e+00
268.292  1.5694e-10  9.4300e+00  1.5694e-10  1.0000e+00
268.357  1.0466e-10  6.4227e+00  1.0466e-10  1.0000e+00
268.422  1.3428e-10  8.3622e+00  1.3428e-10  1.0000e+00
268.487  1.3815e-10  8.3622e+00  1.3815e-10  1.0000e+00
268.552  1.3773e-10  8.6808e+00  1.3773e-10  1.0000e+00
268.617  1.4617e-10  8.8349e+00  1.4617e-10  1.0000e+00
268.682  1.3690e-10  8.0857e+00  1.3690e-10  1.0000e+00
268.747  1.3178e-10  8.0857e+00  1.3178e-10  1.0000e+00
268.812  1.2261e-10  7.4906e+00  1.2261e-10  1.0000e+00
268.877  1.2498e-10  7.0178e+00  1.2498e-10  1.0000e+00
268.942  1.0458e-10  6.3440e+00  1.0458e-10  1.0000e+00
269.007  9.7674e-11  5.9500e+00  9.7674e-11  1.0000e+00
269.072  1.4622e-10  8.6808e+00  1.4622e-10  1.0000e+00
269.137  1.1452e-10  6.1071e+00  1.1452e-10  1.0000e+00
269.202  1.4985e-10  8.8349e+00  1.4985e-10  1.0000e+00
269.267  1.5708e-10  8.8349e+00  1.5708e-10  1.0000e+00
269.332  1.4257e-10  8.0857e+00  1.4257e-10  1.0000e+00
269.397  1.3676e-10  7.4906e+00  1.3676e-10  1.0000e+00
269.462  1.3586e-10  7.4906e+00  1.3586e-10  1.0000e+00
269.527  1.0958e-10  6.4227e+00  1.0958e-10  1.0000e+00
269.592  1.6170e-10  8.8349e+00  1.6170e-10  1.0000e+00
269.657  1.2281e-10  7.0178e+00  1.2281e-10  1.0000e+00
269.722  1.4885e-10  8.2398e+00  1.4885e-10  1.0000e+00
269.787  1.3014e-10  7.0178e+00  1.3014e-10  1.0000e+00
269.852  1.7008e-10  9.5841e+00  1.7008e-10  1.0000e+00
269.917  1.6152e-10  9.1114e+00  1.6152e-10  1.0000e+00
269.982  1.4444e-10  8.6808e+00  1.4444e-10  1.0000e+00
270.047  1.5465e-10  7.4906e+00  1.4499e-10  1.0666e+00
270.112  1.5745e-10  8.8349e+00  1.5223e-10  1.0343e+00
270.177  1.6795e-10  9.4300e+00  1.6606e-10  1.0114e+00
270.242  1.7889e-10  1.1122e+01  1.8219e-10  9.8189e-01
270.307  1.6975e-10  9.4300e+00  1.6085e-10  1.0553e+00
270.372  1.7214e-10  1.0179e+01  1.6455e-10  1.0461e+00
270.437  1.7020e-10  9.4300e+00  1.6277e-10  1.0457e+00
270.502  1.5162e-10  8.0857e+00  1.3593e-10  1.1154e+00
270.567  1.5605e-10  8.6808e+00  1.4289e-10  1.0921e+00
270.632  1.6683e-10  1.0179e+01  1.6129e-10  1.0344e+00
270.697  1.7421e-10  1.0929e+01  1.8106e-10  9.6215e-01
270.762  1.5956e-10  9.4300e+00  1.6172e-10  9.8662e-01
270.827  1.7691e-10  1.1122e+01  1.8331e-10  9.6509e-01
270.892  1.2773e-10  7.0178e+00  1.1870e-10  1.0761e+00
270.957  1.5165e-10  8.0857e+00  1.4690e-10  1.0324e+00
271.022  1.5452e-10  8.6808e+00  1.5215e-10  1.0156e+00
271.087  1.4497e-10  8.0857e+00  1.4063e-10  1.0308e+00
271.152  1.5865e-10  8.8349e+00  1.6162e-10  9.8165e-01
271.217  1.7088e-10  9.4300e+00  1.7005e-10  1.0049e+00
271.282  1.5493e-10  8.6808e+00  1.5098e-10  1.0261e+00
271.347  1.5865e-10  9.4300e+00  1.6920e-10  9.3765e-01
271.412  1.3265e-10  7.0178e+00  1.2498e-10  1.0614e+00
271.477  1.5272e-10  8.0857e+00  1.4709e-10  1.0382e+00
271.542  1.4434e-10  7.0178e+00  1.3814e-10  1.0449e+00
271.607  1.4545e-10  8.0857e+00  1.4883e-10  9.7726e-01
271.672  1.4335e-10  7.6130e+00  1.4623e-10  9.8030e-01
271.737  1.0357e-10  5.2762e+00  9.5947e-11  1.0795e+00
271.802  1.1986e-10  7.4906e+00  1.2758e-10  9.3947e-01
271.867  1.1371e-10  6.4227e+00  1.2522e-10  9.0809e-01
271.932  1.1212e-10  7.0178e+00  1.2671e-10  8.8488e-01
271.997  9.2563e-11  6.4227e+00  1.0825e-10  8.5509e-01
272.062  8.2171e-11  4.6024e+00  8.5458e-11  9.6154e-01
272.127  8.8635e-11  5.4772e+00  9.4182e-11  9.4111e-01
272.192  9.0342e-11  5.5745e+00  9.8237e-11  9.1964e-01
272.257  1.0031e-10  6.3836e+00  1.1593e-10  8.6530e-01
272.322  1.0514e-10  6.1696e+00  1.1222e-10  9.3687e-01
272.387  1.0527e-10  5.4772e+00  1.0232e-10  1.0289e+00
272.452  1.0863e-10  5.5745e+00  1.0030e-10  1.0831e+00
272.517  9.6850e-11  5.1989e+00  8.5981e-11  1.1264e+00
272.582  1.1783e-10  6.5451e+00  1.1443e-10  1.0297e+00
272.647  1.1624e-10  7.4906e+00  1.3287e-10  8.7484e-01
272.712  1.0709e-10  6.0472e+00  1.0405e-10  1.0292e+00
272.777  1.4766e-10  8.6808e+00  1.5074e-10  9.7957e-01
272.842  1.3623e-10  7.0178e+00  1.2620e-10  1.0794e+00
272.907  1.3620e-10  7.3915e+00  1.2127e-10  1.1231e+00
272.972  1.4480e-10  7.6130e+00  1.3057e-10  1.1090e+00
273.037  1.4803e-10  8.0857e+00  1.3518e-10  1.0950e+00
273.102  1.7105e-10  9.4300e+00  1.6620e-10  1.0292e+00
273.167  1.7744e-10  1.0929e+01  1.7531e-10  1.0121e+00
273.232  1.6940e-10  1.0179e+01  1.6520e-10  1.0254e+00
273.297  1.3084e-10  7.0178e+00  1.1703e-10  1.1180e+00
273.362  1.2362e-10  6.4227e+00  1.1241e-10  1.0997e+00
273.427  1.3399e-10  7.2943e+00  1.2550e-10  1.0677e+00
273.492  1.2150e-10  7.0178e+00  1.1141e-10  1.0906e+00
273.557  1.0834e-10  5.5745e+00  9.8668e-11  1.0980e+00
273.622  1.0827e-10  5.7489e+00  1.0222e-10  1.0592e+00
273.687  9.7037e-11  4.9007e+00  8.8869e-11  1.0919e+00
273.752  1.0146e-10  5.2762e+00  9.3249e-11  1.0880e+00
273.817  9.1898e-11  4.8034e+00  8.4864e-11  1.0829e+00
273.882  9.5632e-11  4.8034e+00  8.9366e-11  1.0701e+00
273.947  7.0517e-11  3.4778e+00  5.8796e-11  1.1994e+00
274.012  1.0911e-10  7.6130e+00  1.2357e-10  8.8301e-01
274.077  6.7963e-11  3.4778e+00  5.9978e-11  1.1331e+00
274.142  6.9076e-11  1.8257e+25  5.8807e-11  1.1746e+00
274.207  8.2667e-11  5.1989e+00  8.8893e-11  9.2996e-01
274.272  7.6580e-11  4.4279e+00  7.7794e-11  9.8440e-01
274.337  7.1713e-11  3.5172e+00  6.4560e-11  1.1108e+00
274.402  7.0929e-11  3.4559e+00  5.8874e-11  1.2048e+00
274.467  7.1751e-11  3.7542e+00  6.3715e-11  1.1261e+00
274.532  8.2199e-11  4.9007e+00  8.5655e-11  9.5965e-01
274.597  7.8618e-11  4.4279e+00  8.5074e-11  9.2411e-01
274.662  7.2173e-11  3.7045e+00  6.5228e-11  1.1065e+00
274.727  7.4501e-11  3.5172e+00  6.4601e-11  1.1533e+00
274.792  7.2638e-11  3.4559e+00  6.4510e-11  1.1260e+00
274.858  7.7920e-11  5.1017e+00  9.1284e-11  8.5360e-01
274.923  6.9294e-11  4.7262e+00  8.0707e-11  8.5858e-01
274.988  8.2798e-11  4.4279e+00  9.3512e-11  8.8542e-01
275.053  1.0054e-10  5.2762e+00  1.1522e-10  8.7263e-01
275.118  1.1170e-10  5.4772e+00  1.1639e-10  9.5974e-01
275.183  9.8529e-11  6.3440e+00  9.9753e-11  9.8773e-01
275.248  1.2169e-10  8.6808e+00  1.3821e-10  8.8047e-01
275.313  1.2638e-10  8.2398e+00  1.3547e-10  9.3288e-01
275.378  1.1338e-10  6.6423e+00  1.0990e-10  1.0316e+00
275.443  1.2651e-10  9.1114e+00  1.3869e-10  9.1219e-01
275.508  1.1654e-10  7.6130e+00  1.2926e-10  9.0162e-01
275.573  1.0108e-10  6.8954e+00  1.1288e-10  8.9547e-01
275.638  1.0101e-10  6.5451e+00  1.1505e-10  8.7798e-01
275.703  1.0187e-10  6.4227e+00  9.9872e-11  1.0200e+00
275.768  1.3519e-10  8.0857e+00  1.3972e-10  9.6755e-01
275.833  1.2774e-10  7.4906e+00  1.2674e-10  1.0079e+00
275.898  1.5375e-10  9.4300e+00  1.6113e-10  9.5419e-01
275.963  1.6777e-10  9.4300e+00  1.6605e-10  1.0103e+00
276.028  1.7990e-10  1.0929e+01  1.7603e-10  1.0220e+00
276.093  1.7731e-10  1.0179e+01  1.7270e-10  1.0267e+00
276.158  1.6422e-10  9.4300e+00  1.5889e-10  1.0335e+00
276.223  1.5392e-10  8.8349e+00  1.4966e-10  1.0285e+00
276.288  1.5584e-10  8.6808e+00  1.5708e-10  9.9213e-01
276.353  1.6956e-10  1.0179e+01  1.8248e-10  9.2919e-01
276.418  1.7451e-10  1.0179e+01  1.8066e-10  9.6597e-01
276.483  1.7523e-10  1.0527e+01  1.7197e-10  1.0190e+00
276.548  1.4480e-10  7.2374e+00  1.3220e-10  1.0953e+00
276.613  1.7421e-10  9.4300e+00  1.6444e-10  1.0594e+00
276.678  1.6826e-10  8.6808e+00  1.5802e-10  1.0648e+00
276.743  1.6369e-10  8.8349e+00  1.5359e-10  1.0658e+00
276.808  1.7232e-10  9.4300e+00  1.6768e-10  1.0277e+00
276.873  1.6703e-10  9.4300e+00  1.6829e-10  9.9253e-01
276.938  1.7118e-10  1.0179e+01  1.7863e-10  9.5830e-01
277.003  1.6062e-10  8.8349e+00  1.5395e-10  1.0433e+00
277.068  1.7440e-10  1.0179e+01  1.6999e-10  1.0260e+00
277.133  1.6052e-10  9.4300e+00  1.5620e-10  1.0277e+00
277.198  1.7710e-10  1.0179e+01  1.7350e-10  1.0208e+00
277.263  1.8620e-10  1.0929e+01  1.8616e-10  1.0002e+00
277.328  2.0870e-10  1.2815e+01  2.1227e-10  9.8320e-01
277.393  1.9359e-10  1.1872e+01  1.9272e-10  1.0045e+00
277.458  1.8090e-10  1.1122e+01  1.7591e-10  1.0284e+00
277.523  1.9094e-10  1.1872e+01  1.9287e-10  9.8998e-01
277.588  1.8447e-10  1.0929e+01  1.8311e-10  1.0074e+00
277.653  1.6666e-10  1.0179e+01  1.5933e-10  1.0460e+00
277.718  1.5995e-10  9.4300e+00  1.5764e-10  1.0147e+00
277.783  1.5970e-10  1.0179e+01  1.6339e-10  9.7740e-01
277.848  1.3632e-10  8.3622e+00  1.3375e-10  1.0192e+00
277.913  1.1656e-10  7.0178e+00  1.1137e-10  1.0466e+00
277.978  1.3002e-10  7.6130e+00  1.3019e-10  9.9872e-01
278.043  1.2285e-10  7.4906e+00  1.2543e-10  9.7941e-01
278.108  1.1564e-10  7.0178e+00  1.1783e-10  9.8143e-01
278.173  1.3583e-10  8.6808e+00  1.4333e-10  9.4767e-01
278.238  9.7904e-11  5.5745e+00  9.2920e-11  1.0536e+00
278.303  1.0798e-10  6.4227e+00  1.0393e-10  1.0390e+00
278.368  1.3261e-10  8.8349e+00  1.4106e-10  9.4011e-01
278.434  1.2173e-10  7.6130e+00  1.2344e-10  9.8616e-01
278.499  1.0848e-10  5.8713e+00  1.0264e-10  1.0569e+00
278.564  1.3707e-10  8.6808e+00  1.4848e-10  9.2318e-01
278.629  1.2323e-10  7.4906e+00  1.3088e-10  9.4154e-01
278.694  1.2286e-10  7.6130e+00  1.3070e-10  9.4003e-01
278.759  1.2036e-10  8.0857e+00  1.3054e-10  9.2199e-01
278.824  1.1726e-10  7.4906e+00  1.2560e-10  9.3359e-01
278.889  1.0103e-10  6.1071e+00  1.0249e-10  9.8578e-01
278.954  9.8856e-11  6.4227e+00  1.0685e-10  9.2519e-01
279.019  9.3656e-11  6.4227e+00  1.0997e-10  8.5165e-01
279.084  8.2516e-11  6.0472e+00  9.7766e-11  8.4402e-01
279.149  7.8711e-11  5.9500e+00  9.8976e-11  7.9525e-01
279.214  5.8366e-11  3.7542e+00  6.0706e-11  9.6146e-01
279.279  7.3043e-11  6.0472e+00  8.9681e-11  8.1447e-01
279.344  5.7682e-11  5.4772e+00  8.3806e-11  6.8828e-01
279.409  7.1089e-11  5.9500e+00  9.5620e-11  7.4345e-01
279.474  5.1034e-11  4.5665e+00  6.6436e-11  7.6817e-01
279.539  5.4395e-11  4.7262e+00  7.5582e-11  7.1969e-01
279.604  6.2784e-11  6.3440e+00  9.0066e-11  6.9709e-01
279.669  3.9019e-11  2.9426e+00  4.8517e-11  8.0423e-01
279.734  5.5637e-11  5.2762e+00  7.8313e-11  7.1045e-01
279.799  5.1228e-11  3.6273e+00  5.9397e-11  8.6248e-01
279.864  5.0184e-11  3.8927e+00  5.7331e-11  8.7534e-01
279.929  4.7080e-11  3.8155e+00  5.7830e-11  8.1411e-01
279.994  5.2649e-11  5.1017e+00  7.4594e-11  7.0581e-01
280.059  4.3233e-11  2.9820e+00  4.5494e-11  9.5030e-01
280.124  5.1472e-11  3.8155e+00  5.9393e-11  8.6664e-01
280.189  5.9192e-11  5.2762e+00  8.0625e-11  7.3417e-01
280.254  5.5390e-11  5.2762e+00  7.5362e-11  7.3498e-01
280.319  4.5692e-11  3.3290e+00  4.9277e-11  9.2725e-01
280.384  5.1030e-11  3.7542e+00  5.6304e-11  9.0633e-01
280.449  5.7441e-11  4.7262e+00  7.1712e-11  8.0099e-01
280.514  6.4531e-11  5.1989e+00  7.7849e-11  8.2892e-01
280.579  6.6063e-11  4.4279e+00  7.1551e-11  9.2330e-01
280.644  6.1998e-11  1.4502e+25  6.0018e-11  1.0330e+00
280.709  7.5123e-11  4.7262e+00  7.6313e-11  9.8441e-01
280.774  8.9717e-11  6.1696e+00  9.5871e-11  9.3581e-01
280.839  1.0199e-10  7.0178e+00  1.1180e-10  9.1229e-01
280.904  1.0972e-10  7.0178e+00  1.1564e-10  9.4878e-01
280.969  1.0918e-10  6.8954e+00  1.1031e-10  9.8975e-01
281.034  1.3123e-10  8.6808e+00  1.3681e-10  9.5924e-01
281.099  1.1367e-10  7.0178e+00  1.1435e-10  9.9407e-01
281.164  1.3332e-10  8.6808e+00  1.3637e-10  9.7761e-01
281.229  1.3869e-10  8.6808e+00  1.4216e-10  9.7556e-01
281.294  1.3903e-10  8.6808e+00  1.4041e-10  9.9015e-01
281.359  1.4841e-10  8.8349e+00  1.4759e-10  1.0056e+00
281.424  1.6402e-10  1.0179e+01  1.6173e-10  1.0142e+00
281.489  1.7172e-10  1.0179e+01  1.6800e-10  1.0222e+00
281.554  1.8897e-10  1.1872e+01  1.8730e-10  1.0089e+00
281.619  1.9970e-10  1.2815e+01  2.0117e-10  9.9271e-01
281.684  2.2344e-10  1.4946e+01  2.2879e-10  9.7663e-01
281.749  2.0855e-10  1.2815e+01  2.0176e-10  1.0336e+00
281.814  2.2264e-10  1.3758e+01  2.2083e-10  1.0082e+00
281.879  2.0729e-10  1.1872e+01  2.0102e-10  1.0312e+00
281.944  2.3013e-10  1.4946e+01  2.2517e-10  1.0220e+00
282.009  2.1405e-10  1.3758e+01  2.0437e-10  1.0473e+00
282.074  2.3715e-10  1.4946e+01  2.2745e-10  1.0427e+00
282.139  2.2697e-10  1.3758e+01  2.1666e-10  1.0476e+00
282.204  2.5082e-10  1.7321e+01  2.4812e-10  1.0109e+00
282.269  2.6459e-10  1.6133e+01  2.5961e-10  1.0192e+00
282.334  2.5693e-10  1.4946e+01  2.4828e-10  1.0349e+00
282.399  2.5709e-10  1.6133e+01  2.4750e-10  1.0387e+00
282.464  2.5075e-10  1.4946e+01  2.4191e-10  1.0366e+00
282.529  2.3439e-10  1.4002e+01  2.2477e-10  1.0428e+00
282.594  2.5350e-10  1.4946e+01  2.4479e-10  1.0356e+00
282.659  2.7307e-10  1.4946e+01  2.6698e-10  1.0228e+00
282.724  2.5565e-10  1.6133e+01  2.4651e-10  1.0371e+00
282.789  2.3952e-10  1.3758e+01  2.2757e-10  1.0525e+00
282.854  2.4248e-10  1.4946e+01  2.3030e-10  1.0529e+00
282.919  2.9090e-10  1.6133e+01  2.8098e-10  1.0353e+00
282.984  2.8396e-10  1.6133e+01  2.7158e-10  1.0456e+00
283.049  2.9048e-10  1.7321e+01  2.7728e-10  1.0476e+00
283.114  2.8590e-10  1.7321e+01  2.7166e-10  1.0524e+00
283.179  2.8904e-10  1.7321e+01  2.7653e-10  1.0452e+00
283.244  3.0952e-10  1.7321e+01  2.9927e-10  1.0342e+00
283.309  2.7938e-10  1.7321e+01  2.6566e-10  1.0516e+00
283.374  2.8177e-10  1.7321e+01  2.6991e-10  1.0439e+00
283.439  2.8990e-10  1.7321e+01  2.8514e-10  1.0167e+00
283.504  2.6147e-10  1.7321e+01  2.5788e-10  1.0139e+00
283.569  2.5548e-10  1.4946e+01  2.4598e-10  1.0386e+00
283.634  2.6357e-10  1.6133e+01  2.5234e-10  1.0445e+00
283.699  2.7591e-10  1.7321e+01  2.6764e-10  1.0309e+00
283.764  3.1670e-10  2.0310e+01  3.0996e-10  1.0217e+00
283.829  2.6398e-10  1.6133e+01  2.5235e-10  1.0461e+00
283.894  3.0108e-10  1.8815e+01  2.9174e-10  1.0320e+00
283.959  2.9328e-10  1.7321e+01  2.8055e-10  1.0454e+00
284.024  2.9040e-10  1.8815e+01  2.7608e-10  1.0519e+00
284.089  3.1665e-10  2.0310e+01  3.0689e-10  1.0318e+00
284.154  2.9459e-10  1.7321e+01  2.8067e-10  1.0496e+00
284.219  2.8813e-10  1.7321e+01  2.7967e-10  1.0303e+00
284.284  2.8791e-10  1.6133e+01  2.8353e-10  1.0155e+00
284.349  2.6273e-10  1.6133e+01  2.5258e-10  1.0402e+00
284.414  2.5889e-10  1.7321e+01  2.4691e-10  1.0485e+00
284.479  2.7626e-10  1.7321e+01  2.7028e-10  1.0221e+00
284.544  2.4840e-10  1.4946e+01  2.4245e-10  1.0246e+00
284.609  2.1416e-10  1.1872e+01  2.0198e-10  1.0603e+00
284.674  2.1038e-10  1.1872e+01  1.9842e-10  1.0603e+00
284.739  2.0011e-10  1.1122e+01  1.8662e-10  1.0723e+00
284.804  1.8739e-10  1.0929e+01  1.8046e-10  1.0384e+00
284.869  1.7606e-10  1.1122e+01  1.7478e-10  1.0073e+00
284.934  1.2153e-10  6.5451e+00  1.1484e-10  1.0582e+00
284.999  1.1598e-10  6.4227e+00  1.0913e-10  1.0628e+00
285.064  9.4661e-11  5.5745e+00  9.0777e-11  1.0428e+00
285.129  9.0171e-11  5.9500e+00  9.6957e-11  9.3001e-01
285.194  8.0293e-11  5.7489e+00  9.4218e-11  8.5221e-01
285.259  5.8401e-11  3.5551e+00  5.7891e-11  1.0088e+00
285.324  7.4984e-11  4.9007e+00  7.9805e-11  9.3959e-01
285.389  7.0632e-11  4.4279e+00  7.4582e-11  9.4703e-01
285.454  8.9792e-11  6.4227e+00  1.0512e-10  8.5419e-01
285.519  1.0910e-10  7.2374e+00  1.1968e-10  9.1160e-01
285.584  1.1138e-10  6.5451e+00  1.0957e-10  1.0165e+00
285.649  1.3101e-10  7.2374e+00  1.2483e-10  1.0495e+00
285.714  1.8725e-10  1.1872e+01  1.9769e-10  9.4719e-01
285.779  1.7399e-10  9.4300e+00  1.7300e-10  1.0057e+00
285.844  2.2057e-10  1.2066e+01  2.1824e-10  1.0107e+00
285.909  2.3284e-10  1.2815e+01  2.2272e-10  1.0454e+00
285.974  2.4496e-10  1.4002e+01  2.3276e-10  1.0524e+00
286.039  2.9421e-10  1.6133e+01  2.8316e-10  1.0390e+00
286.104  3.0030e-10  1.7321e+01  2.8547e-10  1.0519e+00
286.169  3.4002e-10  1.7321e+01  3.2705e-10  1.0397e+00
286.234  3.3616e-10  1.8815e+01  3.2099e-10  1.0473e+00
286.299  3.5057e-10  1.8815e+01  3.3754e-10  1.0386e+00
286.364  3.6594e-10  2.0310e+01  3.5119e-10  1.0420e+00
286.429  3.6581e-10  1.8815e+01  3.5041e-10  1.0440e+00
286.494  3.5456e-10  2.0310e+01  3.3474e-10  1.0592e+00
286.559  4.0095e-10  2.1805e+01  3.8556e-10  1.0399e+00
286.624  3.4221e-10  1.8815e+01  3.2369e-10  1.0572e+00
286.689  3.7385e-10  2.1805e+01  3.5716e-10  1.0467e+00
286.754  3.5186e-10  2.0310e+01  3.3395e-10  1.0536e+00
286.819  3.2214e-10  1.7321e+01  3.0724e-10  1.0485e+00
286.884  3.3831e-10  1.8815e+01  3.2310e-10  1.0471e+00
286.949  3.4969e-10  2.0310e+01  3.3610e-10  1.0404e+00
287.014  3.4755e-10  2.0310e+01  3.3252e-10  1.0452e+00
287.079  3.9399e-10  2.1805e+01  3.7743e-10  1.0439e+00
287.144  4.2549e-10  2.5569e+01  4.0936e-10  1.0394e+00
287.209  3.8743e-10  2.1805e+01  3.6526e-10  1.0607e+00
287.274  4.1391e-10  2.5569e+01  3.9100e-10  1.0586e+00
287.339  4.5129e-10  2.7451e+01  4.2849e-10  1.0532e+00
287.404  4.5215e-10  2.7451e+01  4.2701e-10  1.0589e+00
287.469  4.0273e-10  2.3687e+01  3.7641e-10  1.0699e+00
287.534  3.7864e-10  2.1805e+01  3.5378e-10  1.0703e+00
287.599  3.9354e-10  2.3687e+01  3.7306e-10  1.0549e+00
287.664  3.6313e-10  2.1805e+01  3.4065e-10  1.0660e+00
287.729  3.6578e-10  2.1805e+01  3.4193e-10  1.0698e+00
287.794  3.5803e-10  2.1805e+01  3.3403e-10  1.0719e+00
287.859  3.5655e-10  2.0310e+01  3.3716e-10  1.0575e+00
287.924  3.3241e-10  2.0310e+01  3.1523e-10  1.0545e+00
287.989  2.9763e-10  1.7321e+01  2.7970e-10  1.0641e+00
288.054  2.6664e-10  1.7321e+01  2.5040e-10  1.0648e+00
288.119  2.0165e-10  1.2815e+01  1.8662e-10  1.0806e+00
288.184  1.9920e-10  1.3758e+01  1.9045e-10  1.0460e+00
288.249  2.2417e-10  1.4946e+01  2.2305e-10  1.0050e+00
288.314  2.5632e-10  1.7321e+01  2.5494e-10  1.0054e+00
288.379  2.6136e-10  1.6133e+01  2.5187e-10  1.0377e+00
288.444  3.3549e-10  2.1805e+01  3.2358e-10  1.0368e+00
288.509  3.8184e-10  2.3687e+01  3.6504e-10  1.0460e+00
288.574  4.1978e-10  2.7451e+01  3.9726e-10  1.0567e+00
288.639  4.5930e-10  2.7451e+01  4.3253e-10  1.0619e+00
288.704  4.7614e-10  2.9820e+01  4.4853e-10  1.0616e+00
288.769  5.2111e-10  3.2190e+01  4.8808e-10  1.0677e+00
288.834  4.6652e-10  2.7451e+01  4.3620e-10  1.0695e+00
288.899  4.9428e-10  3.2190e+01  4.6847e-10  1.0551e+00
288.964  4.7829e-10  2.7451e+01  4.5279e-10  1.0563e+00
289.029  4.4944e-10  2.7451e+01  4.2467e-10  1.0583e+00
289.094  4.8523e-10  2.7451e+01  4.5924e-10  1.0566e+00
289.159  4.9926e-10  2.9820e+01  4.7239e-10  1.0569e+00
289.224  4.9217e-10  2.7451e+01  4.6648e-10  1.0551e+00
289.289  5.1004e-10  2.9820e+01  4.8526e-10  1.0511e+00
289.353  5.1059e-10  3.2190e+01  4.8696e-10  1.0485e+00
289.418  5.4138e-10  3.4559e+01  5.1739e-10  1.0464e+00
289.483  5.4540e-10  3.2190e+01  5.1987e-10  1.0491e+00
289.548  5.9150e-10  3.4559e+01  5.6748e-10  1.0423e+00
289.613  5.8883e-10  3.4559e+01  5.6245e-10  1.0469e+00
289.678  6.4381e-10  3.4559e+01  6.1653e-10  1.0442e+00
289.743  6.5590e-10  3.4559e+01  6.2666e-10  1.0467e+00
289.808  6.9178e-10  4.0524e+01  6.6176e-10  1.0454e+00
289.873  7.0343e-10  4.3507e+01  6.7069e-10  1.0488e+00
289.938  7.3570e-10  4.3507e+01  7.0264e-10  1.0471e+00
290.003  7.8509e-10  4.3507e+01  7.4234e-10  1.0576e+00
290.068  7.5376e-10  4.3507e+01  7.1603e-10  1.0527e+00
290.133  7.7550e-10  4.3507e+01  7.3695e-10  1.0523e+00
290.198  8.0094e-10  4.3507e+01  7.6210e-10  1.0510e+00
290.263  8.0645e-10  4.3507e+01  7.6388e-10  1.0557e+00
290.328  8.4225e-10  4.3507e+01  7.9566e-10  1.0586e+00
290.393  8.4742e-10  5.1017e+01  8.0208e-10  1.0565e+00
290.458  8.5568e-10  4.7262e+01  8.1204e-10  1.0537e+00
290.523  8.3570e-10  5.1017e+01  7.9340e-10  1.0533e+00
290.588  8.4014e-10  4.7262e+01  7.9734e-10  1.0537e+00
290.653  8.4777e-10  5.1017e+01  7.9871e-10  1.0614e+00
290.718  8.0635e-10  4.3507e+01  7.6224e-10  1.0579e+00
290.783  8.0651e-10  4.7262e+01  7.6647e-10  1.0522e+00
290.848  7.8487e-10  4.3507e+01  7.4365e-10  1.0554e+00
290.913  7.9796e-10  4.7262e+01  7.5546e-10  1.0563e+00
290.978  7.6343e-10  4.3507e+01  7.2591e-10  1.0517e+00
291.043  7.8212e-10  4.7262e+01  7.5254e-10  1.0393e+00
291.108  7.7897e-10  4.3507e+01  7.4202e-10  1.0498e+00
291.173  8.0766e-10  4.7262e+01  7.6640e-10  1.0538e+00
291.238  8.6348e-10  5.4772e+01  8.1725e-10  1.0566e+00
291.303  8.7540e-10  5.4772e+01  8.2802e-10  1.0572e+00
291.368  8.6365e-10  5.4772e+01  8.1504e-10  1.0596e+00
291.433  8.3526e-10  5.1017e+01  7.8814e-10  1.0598e+00
291.498  8.3862e-10  4.7262e+01  7.9494e-10  1.0549e+00
291.563  8.5147e-10  4.7262e+01  8.0519e-10  1.0575e+00
291.628  7.9067e-10  4.3507e+01  7.4669e-10  1.0589e+00
291.692  7.7811e-10  4.3507e+01  7.3828e-10  1.0540e+00
291.757  7.5571e-10  4.3507e+01  7.1705e-10  1.0539e+00
291.822  8.1053e-10  4.3507e+01  7.6964e-10  1.0531e+00
291.887  8.1707e-10  4.3507e+01  7.7486e-10  1.0545e+00
291.952  8.2726e-10  4.7262e+01  7.8517e-10  1.0536e+00
292.017  8.2075e-10  4.3507e+01  7.7997e-10  1.0523e+00
292.082  8.3746e-10  4.3507e+01  7.9786e-10  1.0496e+00
292.147  8.3779e-10  4.3507e+01  7.9474e-10  1.0542e+00
292.212  8.6881e-10  5.1017e+01  8.1956e-10  1.0601e+00
292.277  8.5193e-10  4.3507e+01  8.0325e-10  1.0606e+00
292.342  8.0034e-10  4.3507e+01  7.5981e-10  1.0533e+00
292.407  8.1887e-10  4.3507e+01  7.7408e-10  1.0579e+00
292.472  7.5792e-10  4.3507e+01  7.1776e-10  1.0559e+00
292.537  7.2749e-10  4.3507e+01  6.9090e-10  1.0530e+00
292.602  6.8136e-10  4.0524e+01  6.5030e-10  1.0478e+00
292.667  7.3728e-10  4.3507e+01  7.0478e-10  1.0461e+00
292.732  7.6212e-10  4.3507e+01  7.2554e-10  1.0504e+00
292.797  6.3547e-10  3.7542e+01  6.0444e-10  1.0513e+00
292.862  7.0530e-10  4.3507e+01  6.8051e-10  1.0364e+00
292.927  7.3813e-10  4.3507e+01  7.0751e-10  1.0433e+00
292.992  8.0973e-10  4.7262e+01  7.7690e-10  1.0423e+00
293.057  8.4186e-10  4.7262e+01  7.9873e-10  1.0540e+00
293.122  8.6753e-10  5.4772e+01  8.2223e-10  1.0551e+00
293.187  9.0669e-10  5.4772e+01  8.5871e-10  1.0559e+00
293.252  9.8188e-10  5.4772e+01  9.3139e-10  1.0542e+00
293.317  9.9071e-10  5.4772e+01  9.3672e-10  1.0576e+00
293.382  1.0237e-09  6.4227e+01  9.7005e-10  1.0554e+00
293.447  1.0312e-09  5.9500e+01  9.7056e-10  1.0625e+00
293.511  9.8505e-10  5.4772e+01  9.1701e-10  1.0742e+00
293.576  8.9395e-10  5.4772e+01  8.3389e-10  1.0720e+00
293.641  8.6751e-10  5.4772e+01  8.1549e-10  1.0638e+00
293.706  8.6437e-10  5.4772e+01  8.1400e-10  1.0619e+00
293.771  8.1692e-10  5.4772e+01  7.6784e-10  1.0639e+00
293.836  7.8752e-10  4.7262e+01  7.4180e-10  1.0616e+00
293.901  7.2139e-10  4.3507e+01  6.8460e-10  1.0537e+00
293.966  7.6037e-10  4.3507e+01  7.2552e-10  1.0480e+00
294.031  7.8426e-10  5.1017e+01  7.5018e-10  1.0454e+00
294.096  8.3339e-10  5.4772e+01  7.9862e-10  1.0435e+00
294.161  8.9951e-10  5.4772e+01  8.5793e-10  1.0485e+00
294.226  9.0061e-10  5.4772e+01  8.5448e-10  1.0540e+00
294.291  9.2641e-10  5.4772e+01  8.7628e-10  1.0572e+00
294.356  9.5419e-10  5.4772e+01  9.0302e-10  1.0567e+00
294.421  9.0588e-10  5.4772e+01  8.6483e-10  1.0475e+00
294.486  9.9741e-10  5.4772e+01  9.5264e-10  1.0470e+00
294.551  1.0297e-09  5.4772e+01  9.7511e-10  1.0560e+00
294.616  9.8382e-10  5.4772e+01  9.2292e-10  1.0660e+00
294.681  9.2061e-10  5.4772e+01  8.6719e-10  1.0616e+00
294.746  8.4761e-10  5.1017e+01  8.0443e-10  1.0537e+00
294.811  8.4037e-10  5.4772e+01  7.9690e-10  1.0546e+00
294.876  8.2420e-10  5.1017e+01  7.8377e-10  1.0516e+00
294.941  7.8889e-10  4.7262e+01  7.5588e-10  1.0437e+00
295.005  7.5431e-10  4.3507e+01  7.2634e-10  1.0385e+00
295.070  8.0527e-10  4.7262e+01  7.7757e-10  1.0356e+00
295.135  9.6253e-10  5.4772e+01  9.2638e-10  1.0390e+00
295.200  1.0756e-09  6.8954e+01  1.0273e-09  1.0470e+00
295.265  1.0678e-09  5.9500e+01  1.0122e-09  1.0549e+00
295.330  1.0607e-09  6.4227e+01  1.0063e-09  1.0541e+00
295.395  1.0912e-09  6.4227e+01  1.0347e-09  1.0546e+00
295.460  1.1666e-09  6.8954e+01  1.1041e-09  1.0566e+00
295.525  1.1059e-09  6.8954e+01  1.0432e-09  1.0601e+00
295.590  1.0169e-09  5.4772e+01  9.5685e-10  1.0627e+00
295.655  9.7179e-10  5.4772e+01  9.2917e-10  1.0459e+00
295.720  1.0794e-09  6.8954e+01  1.0380e-09  1.0399e+00
295.785  1.1769e-09  6.8954e+01  1.1260e-09  1.0452e+00
295.850  1.1364e-09  6.8954e+01  1.0794e-09  1.0529e+00
295.915  1.1116e-09  6.8954e+01  1.0617e-09  1.0470e+00
295.980  1.1127e-09  6.8954e+01  1.0661e-09  1.0437e+00
296.045  1.1436e-09  6.8954e+01  1.1010e-09  1.0387e+00
296.110  1.2276e-09  7.4906e+01  1.1803e-09  1.0401e+00
296.175  1.2708e-09  8.6808e+01  1.2177e-09  1.0436e+00
296.240  1.2767e-09  8.6808e+01  1.2232e-09  1.0437e+00
296.305  1.2563e-09  7.4906e+01  1.2010e-09  1.0460e+00
296.369  1.2268e-09  7.4906e+01  1.1677e-09  1.0506e+00
296.434  1.2153e-09  6.8954e+01  1.1587e-09  1.0489e+00
296.499  1.1168e-09  6.8954e+01  1.0560e-09  1.0576e+00
296.564  1.0000e-09  5.4772e+01  9.4436e-10  1.0589e+00
296.629  8.5767e-10  5.4772e+01  8.1736e-10  1.0493e+00
296.694  8.3968e-10  5.4772e+01  8.1228e-10  1.0337e+00
296.759  8.2215e-10  5.4772e+01  8.0000e-10  1.0277e+00
296.824  7.9655e-10  4.7262e+01  7.7399e-10  1.0292e+00
296.889  7.7887e-10  4.7262e+01  7.5758e-10  1.0281e+00
296.954  8.2258e-10  5.1017e+01  8.1047e-10  1.0149e+00
297.019  8.9948e-10  5.4772e+01  8.8371e-10  1.0178e+00
297.084  9.9151e-10  5.4772e+01  9.6120e-10  1.0315e+00
297.149  9.3160e-10  5.4772e+01  8.9571e-10  1.0401e+00
297.214  8.9659e-10  5.4772e+01  8.6680e-10  1.0344e+00
297.279  9.1624e-10  5.4772e+01  8.9533e-10  1.0234e+00
297.344  1.0149e-09  5.4772e+01  9.9044e-10  1.0247e+00
297.409  1.1539e-09  6.8954e+01  1.1154e-09  1.0345e+00
297.474  1.1429e-09  6.8954e+01  1.1005e-09  1.0385e+00
297.539  1.1990e-09  6.8954e+01  1.1598e-09  1.0338e+00
297.603  1.3114e-09  6.8954e+01  1.2714e-09  1.0315e+00
297.668  1.4976e-09  8.6808e+01  1.4521e-09  1.0313e+00
297.733  1.5846e-09  8.6808e+01  1.5255e-09  1.0387e+00
297.798  1.5574e-09  8.6808e+01  1.4944e-09  1.0421e+00
297.863  1.5351e-09  8.6808e+01  1.4804e-09  1.0369e+00
297.928  1.5162e-09  8.6808e+01  1.4608e-09  1.0379e+00
297.993  1.4891e-09  8.6808e+01  1.4283e-09  1.0426e+00
298.058  1.3477e-09  8.0857e+01  1.2895e-09  1.0452e+00
298.123  1.1831e-09  6.8954e+01  1.1412e-09  1.0367e+00
298.188  1.1055e-09  6.8954e+01  1.0718e-09  1.0315e+00
298.253  1.0083e-09  5.9500e+01  9.8266e-10  1.0261e+00
298.318  9.6107e-10  5.9500e+01  9.4580e-10  1.0161e+00
298.383  8.3753e-10  5.4772e+01  8.3033e-10  1.0087e+00
298.448  8.0324e-10  5.4772e+01  8.0800e-10  9.9411e-01
298.513  8.4611e-10  5.4772e+01  8.5325e-10  9.9163e-01
298.578  8.8555e-10  5.4772e+01  8.9033e-10  9.9463e-01
298.643  8.5422e-10  5.4772e+01  8.6675e-10  9.8554e-01
298.708  9.0875e-10  5.9500e+01  9.1893e-10  9.8893e-01
298.772  1.0152e-09  6.8954e+01  1.0236e-09  9.9184e-01
298.837  1.1490e-09  6.8954e+01  1.1548e-09  9.9500e-01
298.902  1.2909e-09  8.6808e+01  1.2849e-09  1.0047e+00
298.967  1.3903e-09  8.6808e+01  1.3718e-09  1.0135e+00
299.032  1.4623e-09  8.6808e+01  1.4415e-09  1.0144e+00
299.097  1.5085e-09  8.6808e+01  1.4866e-09  1.0147e+00
