  497    3
     -23.3158     143.6472      33.4084      62.7475     -92.7020    -100.9047
267.115  2.1126e-10  1.2815e+01  2.1126e-10  1.0000e+00
267.180  2.1391e-10  1.2815e+01  2.1391e-10  1.0000e+00
267.245  1.9952e-10  1.3059e+01  1.9952e-10  1.0000e+00
267.310  2.2361e-10  1.3758e+01  2.2361e-10  1.0000e+00
267.375  2.4382e-10  1.4946e+01  2.4382e-10  1.0000e+00
267.440  2.5610e-10  1.4946e+01  2.5610e-10  1.0000e+00
267.505  1.9149e-10  1.1872e+01  1.9149e-10  1.0000e+00
267.570  2.3937e-10  1.4946e+01  2.3937e-10  1.0000e+00
267.635  2.4160e-10  1.4946e+01  2.4160e-10  1.0000e+00
267.700  2.5287e-10  1.4946e+01  2.5287e-10  1.0000e+00
267.765  2.0751e-10  1.3758e+01  2.0751e-10  1.0000e+00
267.830  1.9936e-10  1.2815e+01  1.9936e-10  1.0000e+00
267.895  2.1916e-10  1.3758e+01  2.1916e-10  1.0000e+00
267.960  1.8919e-10  1.2815e+01  1.8919e-10  1.0000e+00
268.025  1.9172e-10  1.2815e+01  1.9172e-10  1.0000e+00
268.090  1.6632e-10  1.1122e+01  1.6632e-10  1.0000e+00
268.155  1.9077e-10  1.2815e+01  1.9077e-10  1.0000e+00
268.219  1.6644e-10  1.1122e+01  1.6644e-10  1.0000e+00
268.284  2.0668e-10  1.2815e+01  2.0668e-10  1.0000e+00
268.349  2.1793e-10  1.3758e+01  2.1793e-10  1.0000e+00
268.414  2.2444e-10  1.3758e+01  2.2444e-10  1.0000e+00
268.479  2.2193e-10  1.4002e+01  2.2193e-10  1.0000e+00
268.544  2.1297e-10  1.3758e+01  2.1297e-10  1.0000e+00
268.609  2.2469e-10  1.3758e+01  2.2469e-10  1.0000e+00
268.674  2.0896e-10  1.3758e+01  2.0896e-10  1.0000e+00
268.739  2.2130e-10  1.3758e+01  2.2130e-10  1.0000e+00
268.804  2.2873e-10  1.3758e+01  2.2873e-10  1.0000e+00
268.869  2.0545e-10  1.2815e+01  2.0545e-10  1.0000e+00
268.934  2.0817e-10  1.2815e+01  2.0817e-10  1.0000e+00
268.999  2.1050e-10  1.2815e+01  2.1050e-10  1.0000e+00
269.064  1.7984e-10  1.1872e+01  1.7984e-10  1.0000e+00
269.129  2.1425e-10  1.3758e+01  2.1425e-10  1.0000e+00
269.194  2.1288e-10  1.2815e+01  2.1288e-10  1.0000e+00
269.259  1.8909e-10  1.1872e+01  1.8909e-10  1.0000e+00
269.324  2.4679e-10  1.6133e+01  2.4679e-10  1.0000e+00
269.389  2.0994e-10  1.3758e+01  2.0994e-10  1.0000e+00
269.454  1.8948e-10  1.1872e+01  1.8948e-10  1.0000e+00
269.519  1.9048e-10  1.1872e+01  1.9048e-10  1.0000e+00
269.584  1.9623e-10  1.2815e+01  1.9623e-10  1.0000e+00
269.649  2.2261e-10  1.4946e+01  2.2261e-10  1.0000e+00
269.714  1.9839e-10  1.2815e+01  1.9839e-10  1.0000e+00
269.779  1.7703e-10  1.1122e+01  1.7703e-10  1.0000e+00
269.844  1.9132e-10  1.2815e+01  1.9132e-10  1.0000e+00
269.909  2.2158e-10  1.3758e+01  2.2158e-10  1.0000e+00
269.974  2.2424e-10  1.4946e+01  2.2424e-10  1.0000e+00
270.039  2.2814e-10  1.4002e+01  2.2020e-10  1.0361e+00
270.104  2.3180e-10  1.4946e+01  2.2673e-10  1.0224e+00
270.169  2.5793e-10  1.6133e+01  2.5284e-10  1.0201e+00
270.234  2.4851e-10  1.6133e+01  2.3930e-10  1.0385e+00
270.299  2.4521e-10  1.3758e+01  2.3400e-10  1.0479e+00
270.364  2.5022e-10  1.6133e+01  2.4235e-10  1.0325e+00
270.429  2.7528e-10  1.6133e+01  2.7161e-10  1.0135e+00
270.494  2.5611e-10  1.6133e+01  2.5433e-10  1.0070e+00
270.559  2.9552e-10  1.7321e+01  2.9290e-10  1.0089e+00
270.624  2.3887e-10  1.4946e+01  2.3517e-10  1.0157e+00
270.689  2.8022e-10  1.7321e+01  2.8005e-10  1.0006e+00
270.754  2.4080e-10  1.6133e+01  2.3788e-10  1.0123e+00
270.819  2.6711e-10  1.6133e+01  2.6647e-10  1.0024e+00
270.884  2.2045e-10  1.4002e+01  2.1966e-10  1.0036e+00
270.949  2.3357e-10  1.4002e+01  2.4038e-10  9.7165e-01
271.014  2.3385e-10  1.4946e+01  2.3472e-10  9.9628e-01
271.079  2.1722e-10  1.3758e+01  2.1334e-10  1.0182e+00
271.144  2.3280e-10  1.4946e+01  2.2969e-10  1.0135e+00
271.209  2.3651e-10  1.2815e+01  2.2796e-10  1.0375e+00
271.274  2.4544e-10  1.4946e+01  2.3640e-10  1.0383e+00
271.339  2.1986e-10  1.2815e+01  2.1072e-10  1.0434e+00
271.404  2.1288e-10  1.2815e+01  2.0479e-10  1.0395e+00
271.469  2.2352e-10  1.3758e+01  2.1920e-10  1.0197e+00
271.534  2.2034e-10  1.3758e+01  2.1958e-10  1.0035e+00
271.599  2.4009e-10  1.5190e+01  2.4506e-10  9.7974e-01
271.664  1.9220e-10  1.1872e+01  1.9079e-10  1.0074e+00
271.729  1.9977e-10  1.2815e+01  2.0205e-10  9.8873e-01
271.794  1.9123e-10  1.2815e+01  1.9780e-10  9.6679e-01
271.859  1.7680e-10  1.1122e+01  1.8385e-10  9.6165e-01
271.924  1.5486e-10  9.4300e+00  1.5882e-10  9.7509e-01
271.989  1.3887e-10  9.4300e+00  1.4168e-10  9.8015e-01
272.054  1.2211e-10  7.0178e+00  1.1854e-10  1.0301e+00
272.119  1.3250e-10  8.6808e+00  1.3769e-10  9.6233e-01
272.184  1.4976e-10  1.0179e+01  1.5955e-10  9.3866e-01
272.249  1.4564e-10  9.4300e+00  1.5119e-10  9.6326e-01
272.314  1.5107e-10  1.0179e+01  1.5243e-10  9.9106e-01
272.379  1.8462e-10  1.2815e+01  1.9188e-10  9.6216e-01
272.444  1.7047e-10  1.0179e+01  1.6800e-10  1.0147e+00
272.509  1.8750e-10  1.1872e+01  1.9138e-10  9.7971e-01
272.574  1.7075e-10  1.0527e+01  1.6375e-10  1.0427e+00
272.639  1.5749e-10  8.8349e+00  1.4890e-10  1.0577e+00
272.704  1.7890e-10  1.0179e+01  1.7556e-10  1.0190e+00
272.769  2.0214e-10  1.1872e+01  2.0458e-10  9.8807e-01
272.834  2.3812e-10  1.4946e+01  2.4075e-10  9.8909e-01
272.899  2.2998e-10  1.2815e+01  2.2356e-10  1.0287e+00
272.964  2.4285e-10  1.3758e+01  2.4135e-10  1.0062e+00
273.029  2.4582e-10  1.4946e+01  2.4494e-10  1.0036e+00
273.094  2.6837e-10  1.6133e+01  2.6944e-10  9.9602e-01
273.159  2.4993e-10  1.4946e+01  2.4013e-10  1.0408e+00
273.224  2.4993e-10  1.3758e+01  2.4236e-10  1.0312e+00
273.289  2.2022e-10  1.2815e+01  2.1497e-10  1.0244e+00
273.354  2.0129e-10  1.2815e+01  1.9576e-10  1.0282e+00
273.419  1.9743e-10  1.0179e+01  1.8985e-10  1.0399e+00
273.484  1.9025e-10  1.0179e+01  1.8189e-10  1.0460e+00
273.549  1.7917e-10  1.0179e+01  1.7284e-10  1.0366e+00
273.614  1.7473e-10  1.0179e+01  1.8022e-10  9.6953e-01
273.679  1.6090e-10  9.4300e+00  1.6451e-10  9.7808e-01
273.744  1.6744e-10  1.0179e+01  1.6873e-10  9.9238e-01
273.809  1.4312e-10  8.0857e+00  1.3689e-10  1.0455e+00
273.874  1.4301e-10  8.2398e+00  1.4575e-10  9.8119e-01
273.939  1.4772e-10  9.4300e+00  1.5805e-10  9.3466e-01
274.004  1.3526e-10  8.0857e+00  1.4756e-10  9.1663e-01
274.069  1.3488e-10  8.0857e+00  1.3734e-10  9.8210e-01
274.134  1.4016e-10  9.1114e+00  1.4921e-10  9.3936e-01
274.199  1.1159e-10  6.4227e+00  1.0553e-10  1.0574e+00
274.264  1.2361e-10  8.0857e+00  1.3391e-10  9.2308e-01
274.329  1.3191e-10  8.8349e+00  1.4252e-10  9.2556e-01
274.394  1.1769e-10  7.4906e+00  1.1443e-10  1.0285e+00
274.459  1.3264e-10  9.4300e+00  1.3957e-10  9.5033e-01
274.524  1.0674e-10  7.4906e+00  1.0534e-10  1.0133e+00
274.589  1.2491e-10  8.8349e+00  1.3443e-10  9.2919e-01
274.654  1.2458e-10  8.6808e+00  1.3641e-10  9.1328e-01
274.719  1.2164e-10  7.7670e+00  1.1716e-10  1.0382e+00
274.784  1.2279e-10  7.6130e+00  1.1806e-10  1.0401e+00
274.849  1.1173e-10  6.6423e+00  1.1002e-10  1.0155e+00
274.914  1.0145e-10  6.6423e+00  1.0623e-10  9.5499e-01
274.979  1.1702e-10  7.4906e+00  1.2524e-10  9.3434e-01
275.044  1.1522e-10  7.0178e+00  1.1007e-10  1.0468e+00
275.109  1.4704e-10  9.5841e+00  1.4673e-10  1.0021e+00
275.174  1.5056e-10  8.8349e+00  1.4359e-10  1.0485e+00
275.239  1.4384e-10  7.4906e+00  1.3442e-10  1.0701e+00
275.304  1.8102e-10  1.0179e+01  1.7595e-10  1.0288e+00
275.369  2.0451e-10  1.1872e+01  2.0642e-10  9.9074e-01
275.434  1.8013e-10  1.0929e+01  1.7436e-10  1.0331e+00
275.499  1.5912e-10  8.6808e+00  1.5005e-10  1.0604e+00
275.564  1.4995e-10  8.8349e+00  1.4485e-10  1.0352e+00
275.629  1.5465e-10  9.4300e+00  1.5424e-10  1.0027e+00
275.694  1.3033e-10  7.6130e+00  1.2350e-10  1.0553e+00
275.759  1.9470e-10  1.1872e+01  1.9323e-10  1.0076e+00
275.824  1.8711e-10  1.0929e+01  1.8057e-10  1.0362e+00
275.889  2.3454e-10  1.3758e+01  2.3412e-10  1.0018e+00
275.954  2.4686e-10  1.3758e+01  2.3843e-10  1.0353e+00
276.020  2.6425e-10  1.4946e+01  2.5367e-10  1.0417e+00
276.085  2.5166e-10  1.4946e+01  2.3945e-10  1.0510e+00
276.150  2.5539e-10  1.6133e+01  2.4680e-10  1.0348e+00
276.215  2.5013e-10  1.4946e+01  2.4688e-10  1.0132e+00
276.280  2.2607e-10  1.3758e+01  2.1955e-10  1.0297e+00
276.345  2.4112e-10  1.4946e+01  2.3391e-10  1.0308e+00
276.410  2.5580e-10  1.4946e+01  2.4942e-10  1.0256e+00
276.475  2.5960e-10  1.4946e+01  2.5285e-10  1.0267e+00
276.540  2.6360e-10  1.6133e+01  2.5603e-10  1.0296e+00
276.605  2.7780e-10  1.7321e+01  2.6891e-10  1.0331e+00
276.670  2.9403e-10  1.7321e+01  2.9007e-10  1.0136e+00
276.735  2.8038e-10  1.7321e+01  2.7425e-10  1.0224e+00
276.800  2.6068e-10  1.7321e+01  2.5503e-10  1.0221e+00
276.865  2.3833e-10  1.4946e+01  2.2956e-10  1.0382e+00
276.930  2.4352e-10  1.4946e+01  2.3569e-10  1.0332e+00
276.995  2.5295e-10  1.6133e+01  2.4466e-10  1.0339e+00
277.060  2.5519e-10  1.6133e+01  2.4560e-10  1.0390e+00
277.125  2.4795e-10  1.6133e+01  2.4019e-10  1.0323e+00
277.190  2.8591e-10  1.8815e+01  2.8434e-10  1.0055e+00
277.255  2.6256e-10  1.6133e+01  2.5198e-10  1.0420e+00
277.320  2.9475e-10  1.7321e+01  2.8218e-10  1.0445e+00
277.385  2.6630e-10  1.7321e+01  2.5280e-10  1.0534e+00
277.450  2.6828e-10  1.6441e+01  2.5349e-10  1.0583e+00
277.515  2.7442e-10  1.7321e+01  2.6416e-10  1.0388e+00
277.580  2.6795e-10  1.7321e+01  2.5655e-10  1.0445e+00
277.645  2.6516e-10  1.7321e+01  2.5430e-10  1.0427e+00
277.710  2.4730e-10  1.4946e+01  2.3866e-10  1.0362e+00
277.775  2.3198e-10  1.4946e+01  2.2672e-10  1.0232e+00
277.840  2.1972e-10  1.4002e+01  2.2056e-10  9.9621e-01
277.905  2.0076e-10  1.2815e+01  2.0070e-10  1.0003e+00
277.970  1.9507e-10  1.1872e+01  1.9305e-10  1.0104e+00
278.035  1.8459e-10  1.1872e+01  1.7958e-10  1.0279e+00
278.100  1.5888e-10  9.7781e+00  1.5039e-10  1.0564e+00
278.165  1.9535e-10  1.2815e+01  1.9862e-10  9.8353e-01
278.230  1.7730e-10  1.0929e+01  1.7677e-10  1.0030e+00
278.295  1.7535e-10  1.0929e+01  1.7304e-10  1.0133e+00
278.360  1.8945e-10  1.2815e+01  1.9307e-10  9.8125e-01
278.425  1.8151e-10  1.1872e+01  1.8031e-10  1.0067e+00
278.490  1.9331e-10  1.2815e+01  1.9520e-10  9.9034e-01
278.555  1.8853e-10  1.1872e+01  1.8775e-10  1.0042e+00
278.620  1.7947e-10  1.2066e+01  1.7503e-10  1.0254e+00
278.685  1.8040e-10  1.1872e+01  1.7596e-10  1.0252e+00
278.751  1.7552e-10  1.1872e+01  1.7104e-10  1.0262e+00
278.816  1.7065e-10  1.1122e+01  1.6649e-10  1.0250e+00
278.881  1.4832e-10  9.4300e+00  1.4247e-10  1.0411e+00
278.946  1.4668e-10  1.0179e+01  1.4489e-10  1.0124e+00
279.011  1.3451e-10  8.6808e+00  1.3144e-10  1.0233e+00
279.076  1.1432e-10  7.7670e+00  1.1034e-10  1.0361e+00
279.141  1.2123e-10  7.7670e+00  1.1961e-10  1.0135e+00
279.206  8.4133e-11  5.2762e+00  7.8171e-11  1.0763e+00
279.271  8.2555e-11  5.1989e+00  7.9416e-11  1.0395e+00
279.336  9.7132e-11  7.4906e+00  1.0759e-10  9.0280e-01
279.401  6.7468e-11  4.4279e+00  6.5437e-11  1.0310e+00
279.466  9.3292e-11  7.4906e+00  1.0867e-10  8.5849e-01
279.531  8.0960e-11  5.7489e+00  9.0656e-11  8.9305e-01
279.596  7.2073e-11  4.9007e+00  7.4361e-11  9.6922e-01
279.661  8.4351e-11  6.4227e+00  1.0231e-10  8.2447e-01
279.726  6.6244e-11  4.5665e+00  7.0817e-11  9.3542e-01
279.791  7.9189e-11  5.5745e+00  8.3420e-11  9.4928e-01
279.856  7.7554e-11  5.1017e+00  8.0442e-11  9.6409e-01
279.921  7.5141e-11  5.2589e+00  8.0551e-11  9.3284e-01
279.986  7.4132e-11  5.2762e+00  7.8026e-11  9.5010e-01
280.051  7.5186e-11  5.1017e+00  7.8438e-11  9.5854e-01
280.116  7.0446e-11  4.8034e+00  7.3028e-11  9.6464e-01
280.181  9.7314e-11  7.6130e+00  1.1140e-10  8.7356e-01
280.246  7.8918e-11  5.0707e+00  7.7895e-11  1.0131e+00
280.311  6.5034e-11  4.0524e+00  6.2256e-11  1.0446e+00
280.376  8.4846e-11  6.0472e+00  8.7821e-11  9.6613e-01
280.441  8.4848e-11  6.4227e+00  9.1680e-11  9.2548e-01
280.506  9.4030e-11  7.0178e+00  1.0589e-10  8.8799e-01
280.571  1.1702e-10  8.3622e+00  1.2952e-10  9.0346e-01
280.636  9.5017e-11  7.0178e+00  9.7039e-11  9.7916e-01
280.701  1.2071e-10  8.6808e+00  1.2632e-10  9.5561e-01
280.766  1.2894e-10  8.0857e+00  1.2961e-10  9.9484e-01
280.831  1.7880e-10  1.2815e+01  1.8484e-10  9.6734e-01
280.896  1.6592e-10  1.1122e+01  1.6558e-10  1.0020e+00
280.961  1.7407e-10  1.1872e+01  1.6997e-10  1.0241e+00
281.026  1.8601e-10  1.1872e+01  1.8182e-10  1.0231e+00
281.091  1.9793e-10  1.3758e+01  1.9858e-10  9.9673e-01
281.156  2.1647e-10  1.4946e+01  2.1535e-10  1.0052e+00
281.221  2.0295e-10  1.3758e+01  1.9847e-10  1.0226e+00
281.286  2.1927e-10  1.6133e+01  2.1324e-10  1.0283e+00
281.351  2.2475e-10  1.4946e+01  2.1437e-10  1.0484e+00
281.416  2.4722e-10  1.6133e+01  2.3636e-10  1.0459e+00
281.481  2.7589e-10  1.8815e+01  2.6635e-10  1.0358e+00
281.546  3.0120e-10  2.1805e+01  2.9226e-10  1.0306e+00
281.611  2.8165e-10  1.7321e+01  2.6588e-10  1.0593e+00
281.676  3.2598e-10  2.0310e+01  3.1070e-10  1.0492e+00
281.741  3.3430e-10  2.1805e+01  3.2116e-10  1.0409e+00
281.806  3.2716e-10  2.1805e+01  3.1090e-10  1.0523e+00
281.871  3.4861e-10  2.1805e+01  3.2971e-10  1.0573e+00
281.936  3.2897e-10  2.1805e+01  3.0902e-10  1.0646e+00
282.001  3.3760e-10  2.1805e+01  3.1659e-10  1.0664e+00
282.066  3.5415e-10  2.1805e+01  3.3207e-10  1.0665e+00
282.131  3.7618e-10  2.5569e+01  3.5494e-10  1.0598e+00
282.196  3.6906e-10  2.5569e+01  3.4772e-10  1.0614e+00
282.261  3.8311e-10  2.5569e+01  3.6044e-10  1.0629e+00
282.326  4.0355e-10  2.7451e+01  3.7849e-10  1.0662e+00
282.391  3.9450e-10  2.5569e+01  3.6830e-10  1.0711e+00
282.456  3.6900e-10  2.3687e+01  3.4342e-10  1.0745e+00
282.521  3.9192e-10  2.5569e+01  3.6742e-10  1.0667e+00
282.586  4.0986e-10  2.5569e+01  3.8542e-10  1.0634e+00
282.652  3.8900e-10  2.3687e+01  3.6333e-10  1.0706e+00
282.717  4.0386e-10  2.7451e+01  3.7755e-10  1.0697e+00
282.782  4.0320e-10  2.7451e+01  3.7912e-10  1.0635e+00
282.847  4.1273e-10  2.7451e+01  3.9086e-10  1.0559e+00
282.912  4.3323e-10  2.7451e+01  4.0774e-10  1.0625e+00
282.977  4.5671e-10  2.7451e+01  4.2811e-10  1.0668e+00
283.042  4.3945e-10  2.7451e+01  4.1015e-10  1.0714e+00
283.107  4.6639e-10  2.9820e+01  4.3611e-10  1.0694e+00
283.172  4.5345e-10  2.7451e+01  4.2480e-10  1.0675e+00
283.237  4.8716e-10  3.2190e+01  4.5654e-10  1.0671e+00
283.302  4.4811e-10  2.7451e+01  4.1844e-10  1.0709e+00
283.367  4.3502e-10  2.7451e+01  4.0510e-10  1.0739e+00
283.432  4.2587e-10  2.7451e+01  3.9646e-10  1.0742e+00
283.497  3.8745e-10  2.7451e+01  3.6206e-10  1.0701e+00
283.562  3.9806e-10  2.5569e+01  3.7461e-10  1.0626e+00
283.627  4.2306e-10  2.7451e+01  3.9708e-10  1.0654e+00
283.692  4.1053e-10  2.7451e+01  3.8560e-10  1.0646e+00
283.757  4.2096e-10  2.7451e+01  3.9358e-10  1.0696e+00
283.822  4.3523e-10  2.7451e+01  4.0595e-10  1.0721e+00
283.887  4.5382e-10  3.2190e+01  4.2327e-10  1.0722e+00
283.952  4.5170e-10  2.9820e+01  4.1830e-10  1.0798e+00
284.017  4.7189e-10  2.9820e+01  4.3833e-10  1.0766e+00
284.082  4.6840e-10  2.9820e+01  4.3453e-10  1.0779e+00
284.147  4.4582e-10  2.9820e+01  4.1254e-10  1.0807e+00
284.212  4.4730e-10  2.7451e+01  4.1332e-10  1.0822e+00
284.277  4.0354e-10  2.7451e+01  3.7267e-10  1.0828e+00
284.342  4.0736e-10  2.7451e+01  3.7997e-10  1.0721e+00
284.407  4.1387e-10  2.7451e+01  3.8207e-10  1.0832e+00
284.472  4.0773e-10  2.7451e+01  3.7449e-10  1.0888e+00
284.537  3.5540e-10  2.1805e+01  3.2431e-10  1.0959e+00
284.602  3.5104e-10  2.3687e+01  3.2495e-10  1.0803e+00
284.667  3.4533e-10  2.1805e+01  3.1911e-10  1.0822e+00
284.732  3.3626e-10  2.0310e+01  3.0990e-10  1.0850e+00
284.797  2.8825e-10  1.7321e+01  2.6194e-10  1.1004e+00
284.862  2.4188e-10  1.5190e+01  2.2119e-10  1.0935e+00
284.927  2.4274e-10  1.6133e+01  2.2736e-10  1.0676e+00
284.992  1.8203e-10  1.1122e+01  1.6772e-10  1.0853e+00
285.057  1.6962e-10  1.1872e+01  1.6437e-10  1.0319e+00
285.122  1.2434e-10  8.8349e+00  1.2014e-10  1.0350e+00
285.187  1.3159e-10  1.0179e+01  1.3335e-10  9.8679e-01
285.252  1.3831e-10  1.0179e+01  1.4654e-10  9.4387e-01
285.317  1.0388e-10  7.4906e+00  1.0609e-10  9.7918e-01
285.382  1.1271e-10  7.9867e+00  1.1134e-10  1.0123e+00
285.447  1.3216e-10  1.0179e+01  1.3627e-10  9.6983e-01
285.512  1.7156e-10  1.1872e+01  1.7066e-10  1.0053e+00
285.577  1.8641e-10  1.2815e+01  1.7749e-10  1.0503e+00
285.642  2.1178e-10  1.3758e+01  1.9635e-10  1.0786e+00
285.707  2.5199e-10  1.7321e+01  2.3502e-10  1.0722e+00
285.772  3.0404e-10  2.1805e+01  2.8819e-10  1.0550e+00
285.837  3.2350e-10  2.1805e+01  3.0232e-10  1.0701e+00
285.902  3.6514e-10  2.3687e+01  3.3830e-10  1.0793e+00
285.967  4.2965e-10  2.7451e+01  3.9848e-10  1.0782e+00
286.032  4.3374e-10  2.7451e+01  4.0071e-10  1.0824e+00
286.097  4.9492e-10  3.2190e+01  4.6041e-10  1.0750e+00
286.162  4.9428e-10  2.9820e+01  4.5669e-10  1.0823e+00
286.227  5.2605e-10  3.2190e+01  4.8440e-10  1.0860e+00
286.292  5.4803e-10  3.4559e+01  5.0592e-10  1.0832e+00
286.357  5.5878e-10  3.4559e+01  5.1240e-10  1.0905e+00
286.422  5.7872e-10  3.4559e+01  5.3281e-10  1.0862e+00
286.487  5.6729e-10  3.4559e+01  5.2143e-10  1.0880e+00
286.551  5.6597e-10  3.4559e+01  5.2040e-10  1.0876e+00
286.616  6.0188e-10  3.4559e+01  5.5400e-10  1.0864e+00
286.681  5.5190e-10  3.4559e+01  5.0512e-10  1.0926e+00
286.746  5.6339e-10  3.4559e+01  5.1469e-10  1.0946e+00
286.811  5.3121e-10  3.2190e+01  4.8891e-10  1.0865e+00
286.876  5.4687e-10  3.4559e+01  5.0479e-10  1.0834e+00
286.941  5.3388e-10  3.4559e+01  4.9273e-10  1.0835e+00
287.006  5.5687e-10  3.4559e+01  5.1481e-10  1.0817e+00
287.071  6.0640e-10  3.4559e+01  5.5925e-10  1.0843e+00
287.136  6.4943e-10  4.3507e+01  5.9740e-10  1.0871e+00
287.201  6.4720e-10  4.0524e+01  5.9784e-10  1.0826e+00
287.266  6.4495e-10  4.3507e+01  5.9130e-10  1.0907e+00
287.331  6.9092e-10  4.3507e+01  6.3327e-10  1.0910e+00
287.396  6.7086e-10  4.3507e+01  6.1072e-10  1.0985e+00
287.461  6.6977e-10  4.3507e+01  6.1056e-10  1.0970e+00
287.526  6.0845e-10  3.7542e+01  5.5362e-10  1.0990e+00
287.591  6.0305e-10  3.7542e+01  5.5160e-10  1.0933e+00
287.656  6.0918e-10  4.0524e+01  5.5816e-10  1.0914e+00
287.721  6.0886e-10  3.7542e+01  5.5584e-10  1.0954e+00
287.786  5.9868e-10  3.4559e+01  5.4511e-10  1.0983e+00
287.851  5.6987e-10  3.4559e+01  5.2072e-10  1.0944e+00
287.916  5.2316e-10  3.4559e+01  4.7471e-10  1.1021e+00
287.981  5.0740e-10  2.9820e+01  4.5793e-10  1.1080e+00
288.046  4.1482e-10  2.7451e+01  3.7084e-10  1.1186e+00
288.111  3.8300e-10  2.3687e+01  3.4874e-10  1.0982e+00
288.176  3.2347e-10  2.0310e+01  2.9530e-10  1.0954e+00
288.241  3.1595e-10  2.0310e+01  2.8903e-10  1.0931e+00
288.306  3.6976e-10  2.5569e+01  3.4338e-10  1.0768e+00
288.371  4.2835e-10  2.7451e+01  3.9640e-10  1.0806e+00
288.436  5.1453e-10  3.4559e+01  4.7468e-10  1.0840e+00
288.501  6.0337e-10  4.3507e+01  5.5584e-10  1.0855e+00
288.566  6.6713e-10  4.3507e+01  6.1119e-10  1.0915e+00
288.631  7.0780e-10  4.3507e+01  6.4596e-10  1.0957e+00
288.696  7.4865e-10  4.3507e+01  6.8378e-10  1.0949e+00
288.761  7.7415e-10  4.7262e+01  7.0465e-10  1.0986e+00
288.826  7.6110e-10  5.1017e+01  6.9130e-10  1.1010e+00
288.891  7.5300e-10  4.3507e+01  6.8549e-10  1.0985e+00
288.956  7.4051e-10  4.7262e+01  6.7416e-10  1.0984e+00
289.021  7.6573e-10  4.3507e+01  6.9963e-10  1.0945e+00
289.086  7.6668e-10  4.7262e+01  7.0077e-10  1.0941e+00
289.151  7.7677e-10  5.1017e+01  7.0874e-10  1.0960e+00
289.216  7.7565e-10  5.1017e+01  7.1035e-10  1.0919e+00
289.281  8.0094e-10  5.4772e+01  7.3529e-10  1.0893e+00
289.346  8.0693e-10  5.4772e+01  7.4068e-10  1.0894e+00
289.411  8.1717e-10  5.4772e+01  7.5468e-10  1.0828e+00
289.476  8.7807e-10  5.4772e+01  8.0828e-10  1.0863e+00
289.541  9.2443e-10  5.4772e+01  8.5224e-10  1.0847e+00
289.606  9.4885e-10  5.9500e+01  8.7617e-10  1.0829e+00
289.671  1.0022e-09  6.8954e+01  9.2430e-10  1.0843e+00
289.736  1.0166e-09  6.8954e+01  9.3814e-10  1.0836e+00
289.800  1.0920e-09  6.8954e+01  1.0143e-09  1.0766e+00
289.865  1.0995e-09  6.8954e+01  1.0161e-09  1.0821e+00
289.930  1.1850e-09  6.8954e+01  1.0973e-09  1.0799e+00
289.995  1.2235e-09  7.4906e+01  1.1243e-09  1.0882e+00
290.060  1.2326e-09  7.4906e+01  1.1355e-09  1.0855e+00
290.125  1.2446e-09  8.6808e+01  1.1511e-09  1.0812e+00
290.190  1.2867e-09  8.6808e+01  1.1946e-09  1.0771e+00
290.255  1.3412e-09  8.6808e+01  1.2406e-09  1.0811e+00
290.320  1.3645e-09  8.6808e+01  1.2614e-09  1.0817e+00
290.385  1.3614e-09  8.6808e+01  1.2576e-09  1.0825e+00
290.450  1.3608e-09  8.6808e+01  1.2596e-09  1.0803e+00
290.515  1.3659e-09  8.6808e+01  1.2647e-09  1.0801e+00
290.580  1.3933e-09  8.6808e+01  1.2887e-09  1.0811e+00
290.645  1.3638e-09  8.6808e+01  1.2554e-09  1.0864e+00
290.710  1.3510e-09  8.6808e+01  1.2491e-09  1.0816e+00
290.775  1.3371e-09  8.6808e+01  1.2364e-09  1.0814e+00
290.840  1.2710e-09  8.0857e+01  1.1763e-09  1.0805e+00
290.905  1.2983e-09  8.6808e+01  1.2037e-09  1.0786e+00
290.970  1.2813e-09  8.0857e+01  1.1878e-09  1.0787e+00
291.035  1.2906e-09  8.6808e+01  1.1943e-09  1.0807e+00
291.100  1.2837e-09  8.0857e+01  1.1946e-09  1.0746e+00
291.165  1.4197e-09  8.6808e+01  1.3223e-09  1.0737e+00
291.230  1.5075e-09  8.6808e+01  1.3990e-09  1.0775e+00
291.295  1.5277e-09  8.6808e+01  1.4150e-09  1.0796e+00
291.360  1.5057e-09  8.6808e+01  1.3976e-09  1.0774e+00
291.425  1.5361e-09  8.6808e+01  1.4240e-09  1.0787e+00
291.490  1.5128e-09  8.6808e+01  1.4084e-09  1.0742e+00
291.555  1.5665e-09  8.6808e+01  1.4588e-09  1.0739e+00
291.620  1.5186e-09  8.6808e+01  1.4079e-09  1.0786e+00
291.684  1.4363e-09  8.6808e+01  1.3344e-09  1.0764e+00
291.749  1.4352e-09  8.6808e+01  1.3459e-09  1.0664e+00
291.814  1.4678e-09  8.6808e+01  1.3731e-09  1.0690e+00
291.879  1.5147e-09  8.6808e+01  1.4144e-09  1.0709e+00
291.944  1.5529e-09  8.6808e+01  1.4498e-09  1.0711e+00
292.009  1.5709e-09  8.6808e+01  1.4681e-09  1.0700e+00
292.074  1.5753e-09  8.6808e+01  1.4712e-09  1.0707e+00
292.139  1.6313e-09  8.6808e+01  1.5241e-09  1.0703e+00
292.204  1.6761e-09  9.4300e+01  1.5557e-09  1.0774e+00
292.269  1.6327e-09  8.6808e+01  1.5195e-09  1.0745e+00
292.334  1.5923e-09  8.6808e+01  1.4857e-09  1.0717e+00
292.399  1.5912e-09  8.6808e+01  1.4840e-09  1.0723e+00
292.464  1.5514e-09  8.6808e+01  1.4454e-09  1.0733e+00
292.529  1.4304e-09  8.6808e+01  1.3334e-09  1.0727e+00
292.594  1.4468e-09  8.6808e+01  1.3567e-09  1.0664e+00
292.659  1.4595e-09  8.6808e+01  1.3708e-09  1.0647e+00
292.724  1.4464e-09  8.6808e+01  1.3516e-09  1.0702e+00
292.789  1.3527e-09  8.6808e+01  1.2619e-09  1.0719e+00
292.854  1.4074e-09  8.6808e+01  1.3287e-09  1.0592e+00
292.919  1.5903e-09  1.0179e+02  1.4971e-09  1.0623e+00
292.984  1.6903e-09  1.0929e+02  1.5899e-09  1.0631e+00
293.049  1.8813e-09  1.0929e+02  1.7719e-09  1.0618e+00
293.114  1.9510e-09  1.0929e+02  1.8363e-09  1.0625e+00
293.178  2.0879e-09  1.3758e+02  1.9694e-09  1.0602e+00
293.243  2.2576e-09  1.3758e+02  2.1339e-09  1.0580e+00
293.308  2.3400e-09  1.3758e+02  2.2071e-09  1.0602e+00
293.373  2.4375e-09  1.3758e+02  2.3075e-09  1.0563e+00
293.438  2.5715e-09  1.3758e+02  2.4311e-09  1.0577e+00
293.503  2.5245e-09  1.3758e+02  2.3665e-09  1.0668e+00
293.568  2.2852e-09  1.3758e+02  2.1433e-09  1.0662e+00
293.633  2.1962e-09  1.3758e+02  2.0717e-09  1.0601e+00
293.698  2.1517e-09  1.3758e+02  2.0341e-09  1.0578e+00
293.763  2.1419e-09  1.3758e+02  2.0208e-09  1.0599e+00
293.828  1.9800e-09  1.0929e+02  1.8675e-09  1.0602e+00
293.893  1.9195e-09  1.0929e+02  1.8155e-09  1.0573e+00
293.958  1.9817e-09  1.0929e+02  1.8847e-09  1.0515e+00
294.023  2.1153e-09  1.3758e+02  2.0157e-09  1.0494e+00
294.088  2.2138e-09  1.3758e+02  2.1122e-09  1.0481e+00
294.153  2.3491e-09  1.3758e+02  2.2412e-09  1.0481e+00
294.218  2.4991e-09  1.3758e+02  2.3811e-09  1.0496e+00
294.283  2.5973e-09  1.3758e+02  2.4717e-09  1.0508e+00
294.348  2.5315e-09  1.3758e+02  2.4084e-09  1.0511e+00
294.413  2.5718e-09  1.3758e+02  2.4563e-09  1.0470e+00
294.477  2.8194e-09  1.7321e+02  2.7004e-09  1.0441e+00
294.542  3.0769e-09  1.7321e+02  2.9365e-09  1.0478e+00
294.607  3.0446e-09  1.7321e+02  2.8900e-09  1.0535e+00
294.672  2.7016e-09  1.3758e+02  2.5615e-09  1.0547e+00
294.737  2.6105e-09  1.3758e+02  2.4873e-09  1.0495e+00
294.802  2.5756e-09  1.3758e+02  2.4595e-09  1.0472e+00
294.867  2.5949e-09  1.3758e+02  2.4808e-09  1.0460e+00
294.932  2.5470e-09  1.3758e+02  2.4342e-09  1.0463e+00
294.997  2.6028e-09  1.3758e+02  2.4996e-09  1.0413e+00
295.062  2.8876e-09  1.7321e+02  2.7921e-09  1.0342e+00
295.127  3.4458e-09  1.7321e+02  3.3397e-09  1.0318e+00
295.192  3.9432e-09  2.1805e+02  3.8088e-09  1.0353e+00
295.257  4.0255e-09  2.1805e+02  3.8762e-09  1.0385e+00
295.322  4.0047e-09  2.1805e+02  3.8606e-09  1.0373e+00
295.387  4.2519e-09  2.1805e+02  4.1098e-09  1.0346e+00
295.452  4.4656e-09  2.1805e+02  4.3136e-09  1.0352e+00
295.517  4.5522e-09  2.1805e+02  4.3908e-09  1.0367e+00
295.581  4.2942e-09  2.1805e+02  4.1382e-09  1.0377e+00
295.646  4.0619e-09  2.1805e+02  3.9373e-09  1.0316e+00
295.711  4.5296e-09  2.1805e+02  4.4074e-09  1.0277e+00
295.776  5.0082e-09  2.7451e+02  4.8603e-09  1.0304e+00
295.841  4.9390e-09  2.7451e+02  4.7747e-09  1.0344e+00
295.906  4.8066e-09  2.3687e+02  4.6527e-09  1.0331e+00
295.971  4.8198e-09  2.5569e+02  4.6750e-09  1.0310e+00
296.036  5.0423e-09  2.7451e+02  4.9045e-09  1.0281e+00
296.101  5.4551e-09  2.7451e+02  5.3017e-09  1.0289e+00
296.166  5.6852e-09  2.7451e+02  5.5234e-09  1.0293e+00
296.231  5.9325e-09  2.7451e+02  5.7638e-09  1.0293e+00
296.296  6.0329e-09  2.7451e+02  5.8668e-09  1.0283e+00
296.361  6.0895e-09  2.7451e+02  5.9076e-09  1.0308e+00
296.426  5.8918e-09  2.7451e+02  5.7182e-09  1.0304e+00
296.491  5.6390e-09  2.7451e+02  5.4706e-09  1.0308e+00
296.556  5.0459e-09  2.7451e+02  4.8839e-09  1.0332e+00
296.621  4.4156e-09  2.1805e+02  4.2822e-09  1.0312e+00
296.685  4.2825e-09  2.1805e+02  4.1668e-09  1.0278e+00
296.750  4.2312e-09  2.1805e+02  4.1212e-09  1.0267e+00
296.815  4.3540e-09  2.1805e+02  4.2443e-09  1.0259e+00
296.880  4.3464e-09  2.1805e+02  4.2365e-09  1.0259e+00
296.945  4.4293e-09  2.1805e+02  4.3318e-09  1.0225e+00
297.010  5.2338e-09  2.7451e+02  5.1349e-09  1.0193e+00
297.075  5.8587e-09  2.7451e+02  5.7326e-09  1.0220e+00
297.140  5.8300e-09  2.7451e+02  5.7246e-09  1.0184e+00
297.205  5.4882e-09  2.7451e+02  5.3581e-09  1.0243e+00
297.270  5.6533e-09  2.7451e+02  5.5438e-09  1.0197e+00
297.335  6.7073e-09  3.4559e+02  6.5921e-09  1.0175e+00
297.400  7.6773e-09  3.4559e+02  7.5278e-09  1.0199e+00
297.465  7.9456e-09  3.4559e+02  7.7819e-09  1.0210e+00
297.530  8.1952e-09  3.4559e+02  8.0360e-09  1.0198e+00
297.595  9.2219e-09  3.4559e+02  9.0676e-09  1.0170e+00
297.659  1.0871e-08  4.3507e+02  1.0691e-08  1.0169e+00
297.724  1.1644e-08  4.3507e+02  1.1430e-08  1.0187e+00
297.789  1.1509e-08  4.3507e+02  1.1283e-08  1.0200e+00
297.854  1.1127e-08  4.3507e+02  1.0912e-08  1.0197e+00
297.919  1.1071e-08  4.3507e+02  1.0863e-08  1.0191e+00
297.984  1.0845e-08  4.3507e+02  1.0626e-08  1.0206e+00
298.049  9.6185e-09  3.4559e+02  9.3973e-09  1.0235e+00
298.114  8.4890e-09  3.4559e+02  8.3099e-09  1.0216e+00
298.179  7.9803e-09  3.4559e+02  7.8167e-09  1.0209e+00
298.244  7.2547e-09  3.4559e+02  7.1090e-09  1.0205e+00
298.309  6.8280e-09  2.7451e+02  6.6945e-09  1.0199e+00
298.374  6.2976e-09  2.7451e+02  6.1811e-09  1.0188e+00
298.439  6.0349e-09  2.7451e+02  5.9398e-09  1.0160e+00
298.504  6.4609e-09  2.7451e+02  6.3723e-09  1.0139e+00
298.569  6.8709e-09  2.7451e+02  6.7668e-09  1.0154e+00
298.633  6.7912e-09  2.7451e+02  6.6929e-09  1.0147e+00
298.698  7.6171e-09  3.4559e+02  7.5277e-09  1.0119e+00
298.763  8.5784e-09  3.4559e+02  8.4735e-09  1.0124e+00
298.828  9.7425e-09  3.4559e+02  9.6254e-09  1.0122e+00
298.893  1.1394e-08  4.3507e+02  1.1250e-08  1.0128e+00
298.958  1.2825e-08  4.3507e+02  1.2650e-08  1.0138e+00
299.023  1.3714e-08  4.3507e+02  1.3529e-08  1.0137e+00
299.088  1.4767e-08  5.4772e+02  1.4573e-08  1.0133e+00
299.153  1.5415e-08  5.4772e+02  1.5216e-08  1.0131e+00
299.218  1.6000e-08  5.4772e+02  1.5789e-08  1.0134e+00
299.283  1.5448e-08  5.4772e+02  1.5219e-08  1.0151e+00
299.348  1.3801e-08  4.3507e+02  1.3579e-08  1.0164e+00
