  497   12
     -23.3207     143.6106      33.3745      62.6490     -92.6825    -100.8983
299.413  1.3021e-08  2.1857e+02  1.2869e-08  1.0118e+00
299.478  1.3254e-08  2.1857e+02  1.3141e-08  1.0086e+00
299.542  1.3894e-08  2.5158e+02  1.3761e-08  1.0097e+00
299.607  1.4919e-08  2.7516e+02  1.4800e-08  1.0080e+00
299.672  1.5723e-08  2.7516e+02  1.5573e-08  1.0096e+00
299.737  1.6710e-08  2.9298e+02  1.6566e-08  1.0087e+00
299.802  1.7339e-08  3.1079e+02  1.7154e-08  1.0108e+00
299.867  1.6681e-08  3.0485e+02  1.6503e-08  1.0108e+00
299.932  1.5114e-08  2.7516e+02  1.4929e-08  1.0124e+00
299.997  1.3341e-08  2.6573e+02  1.3198e-08  1.0108e+00
300.062  1.1700e-08  2.1857e+02  1.1554e-08  1.0127e+00
300.127  9.8008e-09  1.8111e+02  9.6942e-09  1.0110e+00
300.192  8.4111e-09  1.6767e+02  8.3341e-09  1.0092e+00
300.257  8.3835e-09  1.7064e+02  8.3615e-09  1.0026e+00
300.322  9.8628e-09  1.7362e+02  9.8141e-09  1.0050e+00
300.386  1.1860e-08  2.1857e+02  1.1802e-08  1.0049e+00
300.451  1.3739e-08  2.3272e+02  1.3637e-08  1.0075e+00
300.516  1.4842e-08  2.7516e+02  1.4731e-08  1.0076e+00
300.581  1.5704e-08  2.7516e+02  1.5581e-08  1.0079e+00
300.646  1.6571e-08  2.7516e+02  1.6458e-08  1.0069e+00
300.711  1.6602e-08  2.7516e+02  1.6473e-08  1.0078e+00
300.776  1.6431e-08  2.7516e+02  1.6301e-08  1.0080e+00
300.841  1.5718e-08  2.7516e+02  1.5597e-08  1.0077e+00
300.906  1.6225e-08  2.7516e+02  1.6144e-08  1.0050e+00
300.971  1.7997e-08  3.0485e+02  1.7888e-08  1.0061e+00
301.036  1.9227e-08  3.4641e+02  1.9102e-08  1.0066e+00
301.101  2.0228e-08  3.4641e+02  2.0099e-08  1.0064e+00
301.166  2.2480e-08  3.6136e+02  2.2351e-08  1.0058e+00
301.231  2.4149e-08  4.1368e+02  2.3999e-08  1.0062e+00
301.295  2.5860e-08  4.3610e+02  2.5728e-08  1.0051e+00
301.360  2.6164e-08  4.3610e+02  2.5979e-08  1.0071e+00
301.425  2.5884e-08  4.3610e+02  2.5725e-08  1.0062e+00
301.490  2.6678e-08  4.3610e+02  2.6521e-08  1.0059e+00
301.555  2.7840e-08  4.3610e+02  2.7693e-08  1.0053e+00
301.620  2.6779e-08  4.3610e+02  2.6597e-08  1.0069e+00
301.685  2.5318e-08  4.3610e+02  2.5151e-08  1.0066e+00
301.750  2.3997e-08  4.1368e+02  2.3819e-08  1.0075e+00
301.815  2.2060e-08  3.7631e+02  2.1911e-08  1.0068e+00
301.880  1.9663e-08  3.4641e+02  1.9506e-08  1.0081e+00
301.945  1.6629e-08  3.1079e+02  1.6503e-08  1.0076e+00
302.010  1.3585e-08  2.6102e+02  1.3472e-08  1.0084e+00
302.075  1.2994e-08  2.5158e+02  1.2926e-08  1.0053e+00
302.139  1.4196e-08  2.7516e+02  1.4111e-08  1.0061e+00
302.204  1.6595e-08  3.1079e+02  1.6506e-08  1.0054e+00
302.269  1.8735e-08  3.4641e+02  1.8588e-08  1.0079e+00
302.334  2.0740e-08  3.4641e+02  2.0607e-08  1.0064e+00
302.399  2.4048e-08  4.3610e+02  2.3901e-08  1.0062e+00
302.464  2.5569e-08  4.3610e+02  2.5433e-08  1.0053e+00
302.529  2.6052e-08  4.3610e+02  2.5915e-08  1.0053e+00
302.594  2.8253e-08  4.4551e+02  2.8136e-08  1.0041e+00
302.659  3.1027e-08  5.2079e+02  3.0874e-08  1.0049e+00
302.724  3.4109e-08  5.4902e+02  3.3939e-08  1.0050e+00
302.789  3.6643e-08  5.4902e+02  3.6419e-08  1.0061e+00
302.854  3.8331e-08  5.4902e+02  3.8145e-08  1.0049e+00
302.918  4.1927e-08  6.5564e+02  4.1753e-08  1.0042e+00
302.983  4.4628e-08  6.9118e+02  4.4437e-08  1.0043e+00
303.048  4.2819e-08  6.7933e+02  4.2602e-08  1.0051e+00
303.113  4.3477e-08  6.9118e+02  4.3328e-08  1.0034e+00
303.178  4.4903e-08  6.9118e+02  4.4741e-08  1.0036e+00
303.243  4.6820e-08  6.9118e+02  4.6674e-08  1.0031e+00
303.308  4.8421e-08  6.9118e+02  4.8248e-08  1.0036e+00
303.373  5.0242e-08  6.9118e+02  5.0092e-08  1.0030e+00
303.438  5.3791e-08  6.9118e+02  5.3662e-08  1.0024e+00
303.503  5.7728e-08  8.7014e+02  5.7593e-08  1.0023e+00
303.568  5.5591e-08  7.9557e+02  5.5330e-08  1.0047e+00
303.633  4.9641e-08  6.9118e+02  4.9366e-08  1.0056e+00
303.698  4.5256e-08  6.9118e+02  4.5034e-08  1.0049e+00
303.762  4.4689e-08  6.9118e+02  4.4506e-08  1.0041e+00
303.827  4.4280e-08  6.9118e+02  4.4079e-08  1.0046e+00
303.892  4.2271e-08  6.5564e+02  4.2069e-08  1.0048e+00
303.957  3.9259e-08  5.6087e+02  3.9057e-08  1.0052e+00
304.022  3.7965e-08  5.4902e+02  3.7832e-08  1.0035e+00
304.087  3.9212e-08  5.7272e+02  3.9118e-08  1.0024e+00
304.152  4.0073e-08  6.4379e+02  3.9997e-08  1.0019e+00
304.217  4.0707e-08  6.5564e+02  4.0614e-08  1.0023e+00
304.282  4.1093e-08  6.9118e+02  4.0993e-08  1.0024e+00
304.347  4.1712e-08  6.5564e+02  4.1619e-08  1.0022e+00
304.412  4.4385e-08  6.9118e+02  4.4313e-08  1.0016e+00
304.477  4.8705e-08  6.9118e+02  4.8645e-08  1.0012e+00
304.541  5.3247e-08  8.2540e+02  5.3163e-08  1.0016e+00
304.606  5.2989e-08  7.2101e+02  5.2789e-08  1.0038e+00
304.671  4.9167e-08  6.9118e+02  4.8950e-08  1.0044e+00
304.736  4.7984e-08  6.9118e+02  4.7829e-08  1.0032e+00
304.801  4.9272e-08  6.9118e+02  4.9173e-08  1.0020e+00
304.866  5.2198e-08  6.9118e+02  5.2041e-08  1.0030e+00
304.931  5.1213e-08  6.9118e+02  5.0990e-08  1.0044e+00
304.996  5.0743e-08  6.9118e+02  5.0591e-08  1.0030e+00
305.061  5.9299e-08  8.7014e+02  5.9279e-08  1.0003e+00
305.126  7.0232e-08  8.7014e+02  7.0200e-08  1.0005e+00
305.191  7.5933e-08  9.4524e+02  7.5793e-08  1.0018e+00
305.256  7.5462e-08  8.7014e+02  7.5175e-08  1.0038e+00
305.320  7.2412e-08  8.7014e+02  7.2136e-08  1.0038e+00
305.385  7.3031e-08  8.7014e+02  7.2868e-08  1.0022e+00
305.450  7.5249e-08  8.7014e+02  7.5102e-08  1.0020e+00
305.515  7.2430e-08  8.7014e+02  7.2158e-08  1.0038e+00
305.580  6.5872e-08  8.7014e+02  6.5504e-08  1.0056e+00
305.645  5.8190e-08  8.5523e+02  5.7802e-08  1.0067e+00
305.710  5.4698e-08  6.9118e+02  5.4379e-08  1.0059e+00
305.775  5.1439e-08  6.9118e+02  5.1091e-08  1.0068e+00
305.840  4.7530e-08  6.9118e+02  4.7223e-08  1.0065e+00
305.905  4.5264e-08  6.9118e+02  4.4995e-08  1.0060e+00
305.970  4.3861e-08  6.9118e+02  4.3685e-08  1.0040e+00
306.035  4.7897e-08  6.9118e+02  4.7796e-08  1.0021e+00
306.100  5.4744e-08  6.9118e+02  5.4683e-08  1.0011e+00
306.164  6.0275e-08  8.7014e+02  6.0194e-08  1.0013e+00
306.229  6.4220e-08  8.7014e+02  6.4167e-08  1.0008e+00
306.294  6.5614e-08  8.7014e+02  6.5555e-08  1.0009e+00
306.359  6.4199e-08  8.7014e+02  6.4130e-08  1.0011e+00
306.424  6.4520e-08  8.7014e+02  6.4444e-08  1.0012e+00
306.489  6.1531e-08  8.7014e+02  6.1336e-08  1.0032e+00
306.554  5.7241e-08  8.2540e+02  5.6988e-08  1.0044e+00
306.619  5.2282e-08  6.9118e+02  5.2012e-08  1.0052e+00
306.684  5.1326e-08  6.9118e+02  5.1152e-08  1.0034e+00
306.749  5.4717e-08  7.8066e+02  5.4596e-08  1.0022e+00
306.814  6.0121e-08  8.7014e+02  5.9945e-08  1.0029e+00
306.879  6.4052e-08  8.7014e+02  6.3813e-08  1.0038e+00
306.943  6.7609e-08  8.7014e+02  6.7495e-08  1.0017e+00
307.008  7.4825e-08  1.0203e+03  7.4834e-08  9.9988e-01
307.073  8.0881e-08  1.0954e+03  8.0913e-08  9.9961e-01
307.138  8.3590e-08  1.0954e+03  8.3597e-08  9.9992e-01
307.203  8.6763e-08  1.0954e+03  8.6760e-08  1.0000e+00
307.268  8.9076e-08  1.0954e+03  8.8948e-08  1.0014e+00
307.333  8.9213e-08  1.0954e+03  8.8991e-08  1.0025e+00
307.398  8.8124e-08  1.0954e+03  8.7608e-08  1.0059e+00
307.463  8.1875e-08  1.0954e+03  8.1388e-08  1.0060e+00
307.528  8.4526e-08  1.0954e+03  8.4240e-08  1.0034e+00
307.593  9.0125e-08  1.0954e+03  8.9851e-08  1.0030e+00
307.658  9.0868e-08  1.0954e+03  9.0429e-08  1.0048e+00
307.722  8.6497e-08  1.0954e+03  8.6076e-08  1.0049e+00
307.787  8.6344e-08  1.0954e+03  8.6086e-08  1.0030e+00
307.852  9.1284e-08  1.0954e+03  9.1300e-08  9.9983e-01
307.917  9.8256e-08  1.0954e+03  9.8274e-08  9.9981e-01
307.982  9.7163e-08  1.0954e+03  9.7001e-08  1.0017e+00
308.047  9.1525e-08  1.0954e+03  9.1210e-08  1.0035e+00
308.112  8.6967e-08  1.0954e+03  8.6794e-08  1.0020e+00
308.177  8.8433e-08  1.0954e+03  8.8314e-08  1.0013e+00
308.242  8.4704e-08  1.0954e+03  8.4465e-08  1.0028e+00
308.307  8.2547e-08  1.0954e+03  8.2520e-08  1.0003e+00
308.372  8.5924e-08  1.0954e+03  8.5915e-08  1.0001e+00
308.437  8.8280e-08  1.0954e+03  8.8265e-08  1.0002e+00
308.501  9.3771e-08  1.0954e+03  9.3817e-08  9.9951e-01
308.566  9.6818e-08  1.0954e+03  9.6697e-08  1.0013e+00
308.631  9.6520e-08  1.0954e+03  9.6365e-08  1.0016e+00
308.696  9.6388e-08  1.0954e+03  9.6175e-08  1.0022e+00
308.761  9.5567e-08  1.0954e+03  9.5238e-08  1.0035e+00
308.826  9.1338e-08  1.0954e+03  9.0916e-08  1.0046e+00
308.891  8.8115e-08  1.0954e+03  8.7676e-08  1.0050e+00
308.956  8.5173e-08  1.0954e+03  8.4671e-08  1.0059e+00
309.021  8.1178e-08  1.0954e+03  8.0687e-08  1.0061e+00
309.086  8.1161e-08  1.0954e+03  8.0607e-08  1.0069e+00
309.151  7.9234e-08  9.2647e+02  7.8264e-08  1.0124e+00
309.216  7.1701e-08  8.7014e+02  7.0528e-08  1.0166e+00
309.280  6.8499e-08  8.7014e+02  6.7476e-08  1.0152e+00
309.345  7.1550e-08  8.7014e+02  7.0563e-08  1.0140e+00
309.410  7.7807e-08  8.7014e+02  7.6873e-08  1.0122e+00
309.475  8.6496e-08  1.0954e+03  8.5265e-08  1.0144e+00
309.540  8.5321e-08  1.0954e+03  8.3829e-08  1.0178e+00
309.605  8.5445e-08  1.0954e+03  8.4469e-08  1.0116e+00
309.670  9.2860e-08  1.0954e+03  9.2182e-08  1.0074e+00
309.735  9.9081e-08  1.0954e+03  9.8241e-08  1.0085e+00
309.800  9.9249e-08  1.0954e+03  9.8025e-08  1.0125e+00
309.865  9.0819e-08  1.0954e+03  8.9003e-08  1.0204e+00
309.930  7.9723e-08  9.0769e+02  7.8042e-08  1.0215e+00
309.995  7.6833e-08  8.7014e+02  7.5447e-08  1.0184e+00
310.059  7.6549e-08  8.7014e+02  7.5136e-08  1.0188e+00
310.124  7.3518e-08  8.7014e+02  7.2225e-08  1.0179e+00
310.189  7.4399e-08  8.7014e+02  7.3261e-08  1.0155e+00
310.254  8.0175e-08  9.0769e+02  7.8988e-08  1.0150e+00
310.319  9.0841e-08  1.0954e+03  8.9972e-08  1.0097e+00
310.384  1.0511e-07  1.0954e+03  1.0441e-07  1.0067e+00
310.449  1.1449e-07  1.3082e+03  1.1405e-07  1.0038e+00
310.514  1.2476e-07  1.3791e+03  1.2480e-07  9.9970e-01
310.579  1.3377e-07  1.3791e+03  1.3393e-07  9.9880e-01
310.644  1.3682e-07  1.3791e+03  1.3679e-07  1.0002e+00
310.709  1.4107e-07  1.3791e+03  1.4135e-07  9.9804e-01
310.774  1.4492e-07  1.3791e+03  1.4497e-07  9.9968e-01
310.839  1.4862e-07  1.3791e+03  1.4871e-07  9.9940e-01
310.903  1.5124e-07  1.3791e+03  1.5105e-07  1.0013e+00
310.968  1.5047e-07  1.3791e+03  1.5029e-07  1.0012e+00
311.033  1.5388e-07  1.3791e+03  1.5363e-07  1.0017e+00
311.098  1.5386e-07  1.3791e+03  1.5357e-07  1.0019e+00
311.163  1.5567e-07  1.3791e+03  1.5522e-07  1.0029e+00
311.228  1.5427e-07  1.3791e+03  1.5359e-07  1.0045e+00
311.293  1.5162e-07  1.3791e+03  1.5075e-07  1.0058e+00
311.358  1.5063e-07  1.3791e+03  1.5036e-07  1.0018e+00
311.423  1.5791e-07  1.4684e+03  1.5772e-07  1.0012e+00
311.488  1.5912e-07  1.4386e+03  1.5873e-07  1.0024e+00
311.553  1.5641e-07  1.3791e+03  1.5557e-07  1.0054e+00
311.618  1.4829e-07  1.3791e+03  1.4751e-07  1.0053e+00
311.682  1.4422e-07  1.3791e+03  1.4365e-07  1.0039e+00
311.747  1.4407e-07  1.3791e+03  1.4377e-07  1.0021e+00
311.812  1.4400e-07  1.3791e+03  1.4300e-07  1.0070e+00
311.877  1.3575e-07  1.3791e+03  1.3452e-07  1.0091e+00
311.942  1.2917e-07  1.3791e+03  1.2799e-07  1.0092e+00
312.007  1.3003e-07  1.3791e+03  1.2934e-07  1.0053e+00
312.072  1.2915e-07  1.3791e+03  1.2811e-07  1.0081e+00
312.137  1.2847e-07  1.3791e+03  1.2762e-07  1.0067e+00
312.202  1.3344e-07  1.3791e+03  1.3256e-07  1.0067e+00
312.267  1.3991e-07  1.3791e+03  1.3936e-07  1.0039e+00
312.332  1.5206e-07  1.3791e+03  1.5108e-07  1.0065e+00
312.397  1.5255e-07  1.3791e+03  1.5093e-07  1.0108e+00
312.461  1.5212e-07  1.3791e+03  1.5042e-07  1.0113e+00
312.526  1.5545e-07  1.3791e+03  1.5388e-07  1.0102e+00
312.591  1.6048e-07  1.3791e+03  1.5881e-07  1.0105e+00
312.656  1.6152e-07  1.3791e+03  1.5965e-07  1.0117e+00
312.721  1.5972e-07  1.3791e+03  1.5728e-07  1.0155e+00
312.786  1.5115e-07  1.3791e+03  1.4924e-07  1.0128e+00
312.851  1.5837e-07  1.3791e+03  1.5754e-07  1.0052e+00
312.916  1.6298e-07  1.3791e+03  1.6149e-07  1.0093e+00
312.981  1.6272e-07  1.3791e+03  1.6123e-07  1.0093e+00
313.046  1.6425e-07  1.3791e+03  1.6266e-07  1.0098e+00
313.111  1.5969e-07  1.3791e+03  1.5780e-07  1.0120e+00
313.176  1.5837e-07  1.3791e+03  1.5683e-07  1.0098e+00
313.241  1.5958e-07  1.3791e+03  1.5759e-07  1.0126e+00
313.305  1.5173e-07  1.3791e+03  1.4918e-07  1.0171e+00
313.370  1.5056e-07  1.3791e+03  1.4892e-07  1.0110e+00
313.435  1.5473e-07  1.3791e+03  1.5303e-07  1.0111e+00
313.500  1.5456e-07  1.3791e+03  1.5258e-07  1.0130e+00
313.565  1.5445e-07  1.3791e+03  1.5280e-07  1.0108e+00
313.630  1.5954e-07  1.3791e+03  1.5807e-07  1.0093e+00
313.695  1.6752e-07  1.3791e+03  1.6663e-07  1.0054e+00
313.760  1.7990e-07  1.7362e+03  1.7953e-07  1.0021e+00
313.825  1.8865e-07  1.7362e+03  1.8786e-07  1.0042e+00
313.890  1.8987e-07  1.7362e+03  1.8882e-07  1.0056e+00
313.955  1.9516e-07  1.7362e+03  1.9469e-07  1.0024e+00
314.020  2.0659e-07  1.7362e+03  2.0631e-07  1.0014e+00
314.084  2.1160e-07  1.7362e+03  2.1111e-07  1.0023e+00
314.149  2.1045e-07  1.7362e+03  2.0920e-07  1.0060e+00
314.214  2.0056e-07  1.7362e+03  1.9783e-07  1.0138e+00
314.279  1.8063e-07  1.7362e+03  1.7653e-07  1.0232e+00
314.344  1.6583e-07  1.3791e+03  1.6152e-07  1.0267e+00
314.409  1.5524e-07  1.3791e+03  1.5081e-07  1.0294e+00
314.474  1.4631e-07  1.3791e+03  1.4209e-07  1.0297e+00
314.539  1.4163e-07  1.3791e+03  1.3740e-07  1.0308e+00
314.604  1.3676e-07  1.3791e+03  1.3304e-07  1.0280e+00
314.669  1.3884e-07  1.3791e+03  1.3654e-07  1.0168e+00
314.734  1.5646e-07  1.3791e+03  1.5594e-07  1.0033e+00
314.799  1.8228e-07  1.7064e+03  1.8204e-07  1.0013e+00
314.863  1.9481e-07  1.7362e+03  1.9371e-07  1.0057e+00
314.928  1.9881e-07  1.7362e+03  1.9722e-07  1.0080e+00
314.993  2.0167e-07  1.7362e+03  2.0020e-07  1.0073e+00
315.058  2.0748e-07  1.7362e+03  2.0591e-07  1.0076e+00
315.123  2.1272e-07  1.7362e+03  2.1096e-07  1.0084e+00
315.188  2.1266e-07  1.7362e+03  2.1013e-07  1.0120e+00
315.253  2.0769e-07  1.7362e+03  2.0528e-07  1.0117e+00
315.318  2.0246e-07  1.7362e+03  1.9960e-07  1.0143e+00
315.383  2.0047e-07  1.7362e+03  1.9786e-07  1.0132e+00
315.448  1.9754e-07  1.7362e+03  1.9471e-07  1.0146e+00
315.513  1.9542e-07  1.7362e+03  1.9256e-07  1.0148e+00
315.578  1.8852e-07  1.6171e+03  1.8461e-07  1.0212e+00
315.642  1.7353e-07  1.3791e+03  1.6936e-07  1.0246e+00
315.707  1.5966e-07  1.3791e+03  1.5527e-07  1.0283e+00
315.772  1.4781e-07  1.3791e+03  1.4403e-07  1.0262e+00
315.837  1.4142e-07  1.3791e+03  1.3776e-07  1.0266e+00
315.902  1.3444e-07  1.2136e+03  1.3135e-07  1.0235e+00
315.967  1.2658e-07  1.0954e+03  1.2369e-07  1.0233e+00
316.032  1.2411e-07  1.0954e+03  1.2221e-07  1.0156e+00
316.097  1.3221e-07  1.3082e+03  1.3020e-07  1.0154e+00
316.162  1.4101e-07  1.3791e+03  1.3937e-07  1.0118e+00
316.227  1.6020e-07  1.3791e+03  1.5855e-07  1.0104e+00
316.292  1.7371e-07  1.3791e+03  1.7143e-07  1.0133e+00
316.357  1.7814e-07  1.3791e+03  1.7559e-07  1.0145e+00
316.421  1.8772e-07  1.3791e+03  1.8607e-07  1.0089e+00
316.486  1.9864e-07  1.7362e+03  1.9674e-07  1.0097e+00
316.551  2.0156e-07  1.7362e+03  2.0037e-07  1.0059e+00
316.616  2.1346e-07  1.7362e+03  2.1210e-07  1.0064e+00
316.681  2.1499e-07  1.7362e+03  2.1256e-07  1.0114e+00
316.746  2.1131e-07  1.7362e+03  2.0877e-07  1.0122e+00
316.811  2.1275e-07  1.7362e+03  2.1113e-07  1.0077e+00
316.876  2.1688e-07  1.7362e+03  2.1558e-07  1.0060e+00
316.941  2.2368e-07  1.7362e+03  2.2366e-07  1.0001e+00
317.006  2.4088e-07  1.7362e+03  2.4044e-07  1.0018e+00
317.071  2.4161e-07  1.7362e+03  2.4086e-07  1.0031e+00
317.136  2.4766e-07  1.7362e+03  2.4798e-07  9.9869e-01
317.200  2.6307e-07  1.7362e+03  2.6399e-07  9.9650e-01
317.265  2.7153e-07  1.7362e+03  2.7220e-07  9.9753e-01
317.330  2.7906e-07  1.7362e+03  2.7912e-07  9.9977e-01
317.395  2.7357e-07  1.7362e+03  2.7267e-07  1.0033e+00
317.460  2.6508e-07  1.7362e+03  2.6486e-07  1.0008e+00
317.525  2.6590e-07  1.7362e+03  2.6589e-07  1.0000e+00
317.590  2.7020e-07  1.7362e+03  2.6980e-07  1.0015e+00
317.655  2.6344e-07  1.7362e+03  2.6204e-07  1.0053e+00
317.720  2.5510e-07  1.7362e+03  2.5340e-07  1.0067e+00
317.785  2.4216e-07  1.7362e+03  2.3951e-07  1.0111e+00
317.850  2.3005e-07  1.7362e+03  2.2720e-07  1.0125e+00
317.915  2.1916e-07  1.7362e+03  2.1550e-07  1.0170e+00
317.979  2.0387e-07  1.3791e+03  1.9994e-07  1.0196e+00
318.044  1.8030e-07  1.3791e+03  1.7619e-07  1.0233e+00
318.109  1.6931e-07  1.3791e+03  1.6698e-07  1.0140e+00
318.174  1.6873e-07  1.3791e+03  1.6600e-07  1.0165e+00
318.239  1.7037e-07  1.3791e+03  1.6866e-07  1.0102e+00
318.304  1.8367e-07  1.3791e+03  1.8137e-07  1.0127e+00
318.369  1.9061e-07  1.3791e+03  1.8849e-07  1.0113e+00
318.434  1.9960e-07  1.3791e+03  1.9788e-07  1.0087e+00
318.499  2.1597e-07  1.7362e+03  2.1487e-07  1.0051e+00
318.564  2.2632e-07  1.7362e+03  2.2381e-07  1.0112e+00
318.629  2.3559e-07  1.7362e+03  2.3375e-07  1.0079e+00
318.694  2.4375e-07  1.7362e+03  2.4127e-07  1.0103e+00
318.758  2.4903e-07  1.7362e+03  2.4812e-07  1.0037e+00
318.823  2.7454e-07  1.7362e+03  2.7366e-07  1.0032e+00
318.888  2.9042e-07  1.7362e+03  2.8800e-07  1.0084e+00
318.953  2.9236e-07  1.7362e+03  2.8845e-07  1.0136e+00
319.018  2.9347e-07  1.7362e+03  2.8983e-07  1.0126e+00
319.083  2.8374e-07  1.7362e+03  2.7863e-07  1.0184e+00
319.148  2.6451e-07  1.7362e+03  2.5946e-07  1.0195e+00
319.213  2.5337e-07  1.7362e+03  2.4741e-07  1.0241e+00
319.278  2.2801e-07  1.5279e+03  2.2256e-07  1.0245e+00
319.343  2.1004e-07  1.3791e+03  2.0594e-07  1.0199e+00
319.408  2.0271e-07  1.3791e+03  2.0069e-07  1.0100e+00
319.472  2.0341e-07  1.3791e+03  2.0113e-07  1.0113e+00
319.537  2.0837e-07  1.3791e+03  2.0652e-07  1.0090e+00
319.602  2.1796e-07  1.3791e+03  2.1557e-07  1.0111e+00
319.667  2.3306e-07  1.6767e+03  2.3154e-07  1.0066e+00
319.732  2.4836e-07  1.7362e+03  2.4696e-07  1.0056e+00
319.797  2.6421e-07  1.7362e+03  2.6226e-07  1.0074e+00
319.862  2.6932e-07  1.7362e+03  2.6571e-07  1.0136e+00
319.927  2.6357e-07  1.7362e+03  2.6058e-07  1.0115e+00
319.992  2.6435e-07  1.7362e+03  2.6291e-07  1.0055e+00
320.057  2.8096e-07  1.7362e+03  2.8159e-07  9.9777e-01
320.122  2.8361e-07  1.7362e+03  2.8218e-07  1.0051e+00
320.186  2.7686e-07  1.7362e+03  2.7558e-07  1.0047e+00
320.251  2.7257e-07  1.7362e+03  2.7244e-07  1.0005e+00
320.316  2.8796e-07  1.7362e+03  2.9047e-07  9.9136e-01
320.381  3.0795e-07  1.7362e+03  3.1020e-07  9.9276e-01
320.446  3.1251e-07  1.7362e+03  3.1389e-07  9.9559e-01
320.511  3.1837e-07  1.7362e+03  3.1966e-07  9.9596e-01
320.576  3.2946e-07  1.7362e+03  3.3205e-07  9.9219e-01
320.641  3.4063e-07  1.7362e+03  3.4275e-07  9.9381e-01
320.706  3.4152e-07  1.7362e+03  3.4252e-07  9.9707e-01
320.771  3.3144e-07  1.7362e+03  3.3057e-07  1.0026e+00
320.836  3.1690e-07  1.7362e+03  3.1682e-07  1.0003e+00
320.900  3.1599e-07  1.7362e+03  3.1396e-07  1.0065e+00
320.965  2.9633e-07  1.7362e+03  2.9380e-07  1.0086e+00
321.030  2.8225e-07  1.7362e+03  2.7874e-07  1.0126e+00
321.095  2.6169e-07  1.5576e+03  2.5799e-07  1.0143e+00
321.160  2.4887e-07  1.3791e+03  2.4609e-07  1.0113e+00
321.225  2.4372e-07  1.3791e+03  2.4070e-07  1.0125e+00
321.290  2.3225e-07  1.3791e+03  2.2865e-07  1.0158e+00
321.355  2.2261e-07  1.3791e+03  2.2163e-07  1.0044e+00
321.420  2.3319e-07  1.3791e+03  2.3187e-07  1.0057e+00
321.485  2.4216e-07  1.3791e+03  2.4124e-07  1.0038e+00
321.549  2.5594e-07  1.3791e+03  2.5297e-07  1.0117e+00
321.614  2.4985e-07  1.3791e+03  2.4756e-07  1.0092e+00
321.679  2.6161e-07  1.4684e+03  2.6091e-07  1.0027e+00
321.744  2.8355e-07  1.7362e+03  2.8434e-07  9.9723e-01
321.809  3.0343e-07  1.7362e+03  3.0125e-07  1.0072e+00
321.874  3.0051e-07  1.7362e+03  2.9827e-07  1.0075e+00
321.939  3.0684e-07  1.7362e+03  3.0466e-07  1.0072e+00
322.004  3.1586e-07  1.7362e+03  3.1430e-07  1.0050e+00
322.069  3.1691e-07  1.7362e+03  3.1315e-07  1.0120e+00
322.134  3.0607e-07  1.7362e+03  3.0116e-07  1.0163e+00
322.198  2.8745e-07  1.5874e+03  2.8110e-07  1.0226e+00
322.263  2.7781e-07  1.4088e+03  2.7481e-07  1.0109e+00
322.328  2.8838e-07  1.6469e+03  2.8445e-07  1.0138e+00
322.393  2.8107e-07  1.3791e+03  2.7561e-07  1.0198e+00
322.458  2.6302e-07  1.3791e+03  2.5673e-07  1.0245e+00
322.523  2.5870e-07  1.3791e+03  2.5451e-07  1.0165e+00
322.588  2.6064e-07  1.3791e+03  2.5624e-07  1.0172e+00
322.653  2.5814e-07  1.3791e+03  2.5322e-07  1.0194e+00
322.718  2.4455e-07  1.3791e+03  2.3799e-07  1.0276e+00
322.783  2.2428e-07  1.3791e+03  2.1833e-07  1.0272e+00
322.847  2.1144e-07  1.2845e+03  2.0616e-07  1.0256e+00
322.912  2.1272e-07  1.3318e+03  2.0971e-07  1.0144e+00
322.977  2.2031e-07  1.3791e+03  2.1693e-07  1.0156e+00
323.042  2.2827e-07  1.3791e+03  2.2578e-07  1.0110e+00
323.107  2.4400e-07  1.3791e+03  2.4180e-07  1.0091e+00
323.172  2.5963e-07  1.3791e+03  2.5628e-07  1.0131e+00
323.237  2.7503e-07  1.3791e+03  2.7073e-07  1.0159e+00
323.302  2.8439e-07  1.3791e+03  2.7911e-07  1.0189e+00
323.367  2.8398e-07  1.3791e+03  2.7709e-07  1.0249e+00
323.431  2.9172e-07  1.3791e+03  2.8450e-07  1.0254e+00
323.496  2.9383e-07  1.3791e+03  2.8336e-07  1.0369e+00
323.561  2.7179e-07  1.3791e+03  2.6242e-07  1.0357e+00
323.626  2.7464e-07  1.3791e+03  2.6690e-07  1.0290e+00
323.691  2.8365e-07  1.3791e+03  2.7706e-07  1.0238e+00
323.756  2.9771e-07  1.3791e+03  2.9032e-07  1.0255e+00
323.821  3.0125e-07  1.3791e+03  2.9371e-07  1.0257e+00
323.886  3.0041e-07  1.3791e+03  2.9375e-07  1.0227e+00
323.951  3.1466e-07  1.3791e+03  3.1078e-07  1.0125e+00
324.015  3.3769e-07  1.7362e+03  3.3251e-07  1.0156e+00
324.080  3.3903e-07  1.7362e+03  3.3260e-07  1.0193e+00
324.145  3.3738e-07  1.7362e+03  3.2996e-07  1.0225e+00
324.210  3.3368e-07  1.5279e+03  3.2803e-07  1.0172e+00
324.275  3.4371e-07  1.7362e+03  3.3830e-07  1.0160e+00
324.340  3.4419e-07  1.7362e+03  3.3879e-07  1.0160e+00
324.405  3.4471e-07  1.7362e+03  3.3810e-07  1.0196e+00
324.470  3.3902e-07  1.7064e+03  3.3467e-07  1.0130e+00
324.535  3.5587e-07  1.7362e+03  3.5141e-07  1.0127e+00
324.599  3.4712e-07  1.7064e+03  3.4045e-07  1.0196e+00
324.664  3.3890e-07  1.6171e+03  3.3226e-07  1.0200e+00
324.729  3.3239e-07  1.3791e+03  3.2560e-07  1.0208e+00
324.794  3.2803e-07  1.3791e+03  3.1984e-07  1.0256e+00
324.859  3.1630e-07  1.3791e+03  3.0918e-07  1.0230e+00
324.924  3.0759e-07  1.3791e+03  2.9911e-07  1.0284e+00
324.989  2.8647e-07  1.3791e+03  2.7945e-07  1.0251e+00
325.054  2.8925e-07  1.3791e+03  2.8443e-07  1.0169e+00
325.118  3.0153e-07  1.3791e+03  2.9714e-07  1.0148e+00
325.183  3.1314e-07  1.3791e+03  3.0926e-07  1.0125e+00
325.248  3.2333e-07  1.3791e+03  3.1950e-07  1.0120e+00
325.313  3.1882e-07  1.3791e+03  3.1369e-07  1.0164e+00
325.378  3.3124e-07  1.6469e+03  3.2813e-07  1.0095e+00
325.443  3.6032e-07  1.7362e+03  3.5591e-07  1.0124e+00
325.508  3.6863e-07  1.7362e+03  3.6494e-07  1.0101e+00
325.572  3.8803e-07  1.7362e+03  3.8352e-07  1.0118e+00
325.637  3.9059e-07  1.7362e+03  3.8670e-07  1.0101e+00
325.702  3.9700e-07  1.7362e+03  3.9471e-07  1.0058e+00
325.767  4.2417e-07  1.7362e+03  4.2402e-07  1.0003e+00
325.832  4.4041e-07  1.7362e+03  4.3910e-07  1.0030e+00
325.897  4.3750e-07  1.7362e+03  4.3668e-07  1.0019e+00
325.962  4.4920e-07  1.7362e+03  4.4767e-07  1.0034e+00
326.027  4.4783e-07  1.7362e+03  4.4639e-07  1.0032e+00
326.091  4.5339e-07  1.7362e+03  4.5234e-07  1.0023e+00
326.156  4.6387e-07  1.7362e+03  4.6336e-07  1.0011e+00
326.221  4.6605e-07  1.7362e+03  4.6377e-07  1.0049e+00
326.286  4.5519e-07  1.7362e+03  4.5286e-07  1.0051e+00
326.351  4.4375e-07  1.7362e+03  4.4037e-07  1.0077e+00
326.416  4.2549e-07  1.7362e+03  4.2358e-07  1.0045e+00
326.481  4.2131e-07  1.7362e+03  4.2117e-07  1.0003e+00
326.545  4.3655e-07  1.7362e+03  4.3625e-07  1.0007e+00
326.610  4.3703e-07  1.7362e+03  4.3537e-07  1.0038e+00
326.675  4.3491e-07  1.7362e+03  4.3427e-07  1.0015e+00
326.740  4.4770e-07  1.7362e+03  4.4749e-07  1.0005e+00
326.805  4.6235e-07  1.7362e+03  4.6325e-07  9.9805e-01
326.870  4.7628e-07  1.7362e+03  4.7605e-07  1.0005e+00
326.935  4.7959e-07  1.7362e+03  4.7769e-07  1.0040e+00
326.999  4.5949e-07  1.7362e+03  4.5482e-07  1.0103e+00
327.064  4.4565e-07  1.7362e+03  4.4182e-07  1.0087e+00
327.129  4.3176e-07  1.7362e+03  4.2834e-07  1.0080e+00
327.194  4.2565e-07  1.7362e+03  4.2237e-07  1.0078e+00
327.259  4.2429e-07  1.7362e+03  4.1915e-07  1.0123e+00
327.324  4.1889e-07  1.7362e+03  4.1458e-07  1.0104e+00
327.389  4.2315e-07  1.7362e+03  4.1938e-07  1.0090e+00
327.453  4.4111e-07  1.7362e+03  4.3904e-07  1.0047e+00
327.518  4.5076e-07  1.7362e+03  4.4657e-07  1.0094e+00
327.583  4.4578e-07  1.7362e+03  4.4106e-07  1.0107e+00
327.648  4.3452e-07  1.7362e+03  4.2936e-07  1.0120e+00
327.713  4.3228e-07  1.7362e+03  4.2872e-07  1.0083e+00
327.778  4.2455e-07  1.7362e+03  4.1945e-07  1.0122e+00
327.842  4.1031e-07  1.7362e+03  4.0480e-07  1.0136e+00
327.907  3.8812e-07  1.7362e+03  3.8339e-07  1.0123e+00
327.972  3.9149e-07  1.7362e+03  3.8779e-07  1.0095e+00
328.037  3.9991e-07  1.7362e+03  3.9521e-07  1.0119e+00
328.102  3.9904e-07  1.7362e+03  3.9342e-07  1.0143e+00
328.167  3.8847e-07  1.7362e+03  3.8308e-07  1.0141e+00
328.231  3.9204e-07  1.7362e+03  3.8805e-07  1.0103e+00
328.296  4.1073e-07  1.7362e+03  4.0619e-07  1.0112e+00
328.361  4.1764e-07  1.7362e+03  4.1225e-07  1.0131e+00
328.426  4.1538e-07  1.7362e+03  4.0911e-07  1.0153e+00
328.491  4.1596e-07  1.7362e+03  4.0935e-07  1.0161e+00
328.556  4.0495e-07  1.7362e+03  3.9586e-07  1.0230e+00
328.620  3.9645e-07  1.6469e+03  3.8886e-07  1.0195e+00
328.685  3.9930e-07  1.7362e+03  3.9107e-07  1.0210e+00
328.750  3.7916e-07  1.3791e+03  3.7235e-07  1.0183e+00
328.815  3.8213e-07  1.3791e+03  3.7634e-07  1.0154e+00
328.880  4.0530e-07  1.7362e+03  4.0010e-07  1.0130e+00
328.945  4.2208e-07  1.7362e+03  4.1571e-07  1.0153e+00
329.009  4.4620e-07  1.7362e+03  4.4419e-07  1.0045e+00
329.074  4.7471e-07  1.7362e+03  4.7122e-07  1.0074e+00
329.139  4.8348e-07  1.7362e+03  4.8105e-07  1.0051e+00
329.204  5.0761e-07  1.7362e+03  5.0524e-07  1.0047e+00
329.269  5.2205e-07  1.7362e+03  5.1980e-07  1.0043e+00
329.333  5.2933e-07  1.7362e+03  5.2527e-07  1.0077e+00
329.398  5.2251e-07  1.7362e+03  5.2044e-07  1.0040e+00
329.463  5.2434e-07  1.7362e+03  5.2184e-07  1.0048e+00
329.528  5.2679e-07  1.7362e+03  5.2623e-07  1.0011e+00
329.593  5.4099e-07  1.7362e+03  5.4025e-07  1.0014e+00
329.657  5.4119e-07  1.7362e+03  5.4029e-07  1.0017e+00
329.722  5.2928e-07  1.7362e+03  5.2695e-07  1.0044e+00
329.787  5.1794e-07  1.7362e+03  5.1792e-07  1.0000e+00
329.852  5.2028e-07  1.7362e+03  5.2114e-07  9.9835e-01
329.917  5.3882e-07  1.7362e+03  5.4142e-07  9.9519e-01
329.981  5.6000e-07  1.7362e+03  5.6144e-07  9.9743e-01
330.046  5.6170e-07  1.7362e+03  5.6170e-07  1.0000e+00
330.111  5.3604e-07  1.7362e+03  5.3604e-07  1.0000e+00
330.176  5.2522e-07  1.7362e+03  5.2522e-07  1.0000e+00
330.241  5.2024e-07  1.7362e+03  5.2024e-07  1.0000e+00
330.305  5.1403e-07  1.7362e+03  5.1403e-07  1.0000e+00
330.370  4.8175e-07  1.7064e+03  4.8175e-07  1.0000e+00
330.435  4.5306e-07  1.3791e+03  4.5306e-07  1.0000e+00
330.500  4.1605e-07  1.3791e+03  4.1605e-07  1.0000e+00
330.565  4.0303e-07  1.3791e+03  4.0303e-07  1.0000e+00
330.629  4.0864e-07  1.3791e+03  4.0864e-07  1.0000e+00
330.694  4.0454e-07  1.3791e+03  4.0454e-07  1.0000e+00
330.759  3.9747e-07  1.3791e+03  3.9747e-07  1.0000e+00
330.824  4.0355e-07  1.3791e+03  4.0355e-07  1.0000e+00
330.889  4.0276e-07  1.3791e+03  4.0276e-07  1.0000e+00
330.953  4.2336e-07  1.3791e+03  4.2336e-07  1.0000e+00
331.018  4.4587e-07  1.3791e+03  4.4587e-07  1.0000e+00
331.083  4.5180e-07  1.3791e+03  4.5180e-07  1.0000e+00
331.148  4.4430e-07  1.3791e+03  4.4430e-07  1.0000e+00
331.212  4.4724e-07  1.3791e+03  4.4724e-07  1.0000e+00
331.277  4.3571e-07  1.3791e+03  4.3571e-07  1.0000e+00
331.342  4.2483e-07  1.3791e+03  4.2483e-07  1.0000e+00
331.407  4.1751e-07  1.3791e+03  4.1751e-07  1.0000e+00
331.471  4.0915e-07  1.2845e+03  4.0915e-07  1.0000e+00
331.536  4.1178e-07  1.3791e+03  4.1178e-07  1.0000e+00
331.601  4.1729e-07  1.3791e+03  4.1729e-07  1.0000e+00
