  497    3
     -23.3737    -165.5857      33.4241      62.7455     -92.6724    -100.9198
267.115  2.1558e-10  1.2815e+01  2.1558e-10  1.0000e+00
267.180  1.8353e-10  1.0929e+01  1.8353e-10  1.0000e+00
267.245  2.1719e-10  1.2815e+01  2.1719e-10  1.0000e+00
267.310  2.1893e-10  1.2815e+01  2.1893e-10  1.0000e+00
267.375  1.9293e-10  1.1872e+01  1.9293e-10  1.0000e+00
267.440  2.1528e-10  1.2815e+01  2.1528e-10  1.0000e+00
267.505  2.2913e-10  1.3758e+01  2.2913e-10  1.0000e+00
267.570  2.1129e-10  1.3758e+01  2.1129e-10  1.0000e+00
267.635  2.5747e-10  1.6133e+01  2.5747e-10  1.0000e+00
267.700  2.4204e-10  1.4946e+01  2.4204e-10  1.0000e+00
267.765  2.0659e-10  1.2815e+01  2.0659e-10  1.0000e+00
267.830  2.1523e-10  1.3758e+01  2.1523e-10  1.0000e+00
267.895  2.0037e-10  1.3253e+01  2.0037e-10  1.0000e+00
267.960  1.9866e-10  1.3758e+01  1.9866e-10  1.0000e+00
268.025  1.7836e-10  1.1872e+01  1.7836e-10  1.0000e+00
268.090  2.0293e-10  1.2815e+01  2.0293e-10  1.0000e+00
268.155  1.9364e-10  1.3758e+01  1.9364e-10  1.0000e+00
268.219  2.2836e-10  1.4946e+01  2.2836e-10  1.0000e+00
268.284  2.1590e-10  1.3758e+01  2.1590e-10  1.0000e+00
268.349  2.1606e-10  1.4002e+01  2.1606e-10  1.0000e+00
268.414  2.2610e-10  1.3758e+01  2.2610e-10  1.0000e+00
268.479  2.3036e-10  1.5190e+01  2.3036e-10  1.0000e+00
268.544  2.2385e-10  1.3758e+01  2.2385e-10  1.0000e+00
268.609  2.2540e-10  1.3758e+01  2.2540e-10  1.0000e+00
268.674  1.8854e-10  1.1872e+01  1.8854e-10  1.0000e+00
268.739  1.9847e-10  1.1872e+01  1.9847e-10  1.0000e+00
268.804  2.2652e-10  1.4946e+01  2.2652e-10  1.0000e+00
268.869  2.2698e-10  1.3758e+01  2.2698e-10  1.0000e+00
268.934  1.9693e-10  1.2815e+01  1.9693e-10  1.0000e+00
268.999  1.7916e-10  1.1872e+01  1.7916e-10  1.0000e+00
269.064  1.8678e-10  1.2815e+01  1.8678e-10  1.0000e+00
269.129  1.7866e-10  1.1122e+01  1.7866e-10  1.0000e+00
269.194  1.7380e-10  1.1122e+01  1.7380e-10  1.0000e+00
269.259  2.0167e-10  1.2815e+01  2.0167e-10  1.0000e+00
269.324  2.0013e-10  1.2815e+01  2.0013e-10  1.0000e+00
269.389  2.1464e-10  1.2815e+01  2.1464e-10  1.0000e+00
269.454  2.1584e-10  1.4002e+01  2.1584e-10  1.0000e+00
269.519  1.9381e-10  1.2815e+01  1.9381e-10  1.0000e+00
269.584  1.9287e-10  1.2815e+01  1.9287e-10  1.0000e+00
269.649  1.8139e-10  1.1872e+01  1.8139e-10  1.0000e+00
269.714  1.6823e-10  1.0929e+01  1.6823e-10  1.0000e+00
269.779  1.7399e-10  1.0929e+01  1.7399e-10  1.0000e+00
269.844  1.8927e-10  1.1872e+01  1.8927e-10  1.0000e+00
269.909  2.2363e-10  1.3758e+01  2.2363e-10  1.0000e+00
269.974  2.2983e-10  1.4946e+01  2.2983e-10  1.0000e+00
270.039  2.3312e-10  1.4946e+01  2.2738e-10  1.0252e+00
270.104  2.3692e-10  1.4946e+01  2.3484e-10  1.0089e+00
270.169  2.3425e-10  1.3758e+01  2.2580e-10  1.0374e+00
270.234  2.5141e-10  1.4946e+01  2.4239e-10  1.0372e+00
270.299  2.5868e-10  1.6133e+01  2.5298e-10  1.0225e+00
270.364  2.5768e-10  1.7321e+01  2.5067e-10  1.0280e+00
270.429  2.5404e-10  1.6133e+01  2.4525e-10  1.0358e+00
270.494  2.4287e-10  1.4946e+01  2.3261e-10  1.0441e+00
270.559  2.5306e-10  1.4946e+01  2.4356e-10  1.0390e+00
270.624  2.3728e-10  1.4946e+01  2.2782e-10  1.0415e+00
270.689  2.4550e-10  1.4946e+01  2.3768e-10  1.0329e+00
270.754  2.3243e-10  1.3758e+01  2.2402e-10  1.0375e+00
270.819  2.4287e-10  1.4946e+01  2.3831e-10  1.0191e+00
270.884  1.9912e-10  1.1872e+01  1.9117e-10  1.0416e+00
270.949  2.1196e-10  1.2815e+01  2.0313e-10  1.0435e+00
271.014  2.3697e-10  1.3758e+01  2.3536e-10  1.0068e+00
271.079  2.1876e-10  1.2815e+01  2.1431e-10  1.0208e+00
271.144  2.2225e-10  1.3758e+01  2.1574e-10  1.0302e+00
271.209  2.5019e-10  1.3758e+01  2.4373e-10  1.0265e+00
271.274  2.2852e-10  1.2815e+01  2.1817e-10  1.0474e+00
271.339  2.2287e-10  1.2815e+01  2.1440e-10  1.0395e+00
271.404  2.1920e-10  1.3758e+01  2.1362e-10  1.0261e+00
271.469  1.9842e-10  1.0929e+01  1.8902e-10  1.0497e+00
271.534  2.2062e-10  1.3059e+01  2.1355e-10  1.0331e+00
271.599  2.0914e-10  1.2815e+01  2.0046e-10  1.0433e+00
271.664  1.9772e-10  1.0929e+01  1.9017e-10  1.0397e+00
271.729  1.7772e-10  1.0179e+01  1.6977e-10  1.0468e+00
271.794  1.7064e-10  1.0929e+01  1.6403e-10  1.0403e+00
271.859  1.7377e-10  1.1122e+01  1.8095e-10  9.6031e-01
271.924  1.5518e-10  1.0179e+01  1.6088e-10  9.6459e-01
271.989  1.4095e-10  1.0179e+01  1.4928e-10  9.4419e-01
272.054  1.2199e-10  7.4906e+00  1.1802e-10  1.0336e+00
272.119  1.2645e-10  7.4906e+00  1.2458e-10  1.0150e+00
272.184  1.3281e-10  8.8349e+00  1.3182e-10  1.0075e+00
272.249  1.4503e-10  9.4300e+00  1.4718e-10  9.8539e-01
272.314  1.5760e-10  1.0929e+01  1.6104e-10  9.7866e-01
272.379  1.6169e-10  1.0179e+01  1.5942e-10  1.0142e+00
272.444  1.5737e-10  1.0179e+01  1.4930e-10  1.0540e+00
272.509  1.7906e-10  1.0929e+01  1.7268e-10  1.0369e+00
272.574  1.6200e-10  1.0179e+01  1.5380e-10  1.0533e+00
272.639  1.7699e-10  1.1122e+01  1.7604e-10  1.0054e+00
272.704  1.7342e-10  1.0179e+01  1.6693e-10  1.0389e+00
272.769  1.9097e-10  1.0929e+01  1.8540e-10  1.0300e+00
272.834  2.1330e-10  1.1872e+01  2.0723e-10  1.0293e+00
272.899  2.3751e-10  1.3758e+01  2.4142e-10  9.8381e-01
272.964  2.3469e-10  1.4946e+01  2.3134e-10  1.0145e+00
273.029  2.5429e-10  1.4946e+01  2.4903e-10  1.0211e+00
273.094  2.3056e-10  1.3758e+01  2.1753e-10  1.0599e+00
273.159  2.5431e-10  1.3758e+01  2.4149e-10  1.0531e+00
273.224  2.0663e-10  1.0929e+01  1.9339e-10  1.0685e+00
273.289  2.1883e-10  1.1872e+01  2.1081e-10  1.0380e+00
273.354  2.0648e-10  1.2815e+01  2.0520e-10  1.0063e+00
273.419  1.9573e-10  1.0929e+01  1.8847e-10  1.0385e+00
273.484  1.8789e-10  1.0179e+01  1.8019e-10  1.0427e+00
273.549  1.8220e-10  1.1122e+01  1.8809e-10  9.6871e-01
273.614  1.7043e-10  1.0179e+01  1.7577e-10  9.6964e-01
273.679  1.6627e-10  1.0179e+01  1.7294e-10  9.6144e-01
273.744  1.7729e-10  1.2066e+01  1.8669e-10  9.4965e-01
273.809  1.5636e-10  9.5841e+00  1.6352e-10  9.5619e-01
273.874  1.4076e-10  8.3622e+00  1.4275e-10  9.8603e-01
273.939  1.2857e-10  7.7670e+00  1.2770e-10  1.0068e+00
274.004  1.3862e-10  9.4300e+00  1.5156e-10  9.1461e-01
274.069  1.3925e-10  8.8349e+00  1.4576e-10  9.5532e-01
274.134  1.4524e-10  9.4300e+00  1.5459e-10  9.3953e-01
274.199  1.1826e-10  7.4906e+00  1.2222e-10  9.6760e-01
274.264  1.1122e-10  7.6130e+00  1.1360e-10  9.7904e-01
274.329  1.2560e-10  8.0857e+00  1.3493e-10  9.3089e-01
274.394  1.4324e-10  9.4300e+00  1.5601e-10  9.1813e-01
274.459  1.2199e-10  7.4906e+00  1.2079e-10  1.0100e+00
274.524  1.1948e-10  7.4906e+00  1.1556e-10  1.0339e+00
274.589  1.0448e-10  6.4227e+00  9.9093e-11  1.0543e+00
274.654  1.1662e-10  7.4906e+00  1.1200e-10  1.0412e+00
274.719  1.3136e-10  8.2398e+00  1.2656e-10  1.0379e+00
274.784  1.1671e-10  6.8954e+00  1.1047e-10  1.0565e+00
274.849  1.0213e-10  5.9500e+00  9.3700e-11  1.0900e+00
274.914  1.0153e-10  6.1696e+00  9.7288e-11  1.0436e+00
274.979  9.4786e-11  5.5745e+00  9.0181e-11  1.0511e+00
275.044  1.2825e-10  8.2398e+00  1.2626e-10  1.0157e+00
275.109  1.3267e-10  7.6130e+00  1.2726e-10  1.0425e+00
275.174  1.4491e-10  8.6808e+00  1.3706e-10  1.0573e+00
275.239  1.6645e-10  9.4300e+00  1.5942e-10  1.0441e+00
275.304  1.6927e-10  9.5841e+00  1.5988e-10  1.0587e+00
275.369  1.9674e-10  1.0929e+01  1.9216e-10  1.0238e+00
275.434  1.8350e-10  1.1872e+01  1.7872e-10  1.0267e+00
275.499  1.6814e-10  1.0179e+01  1.6425e-10  1.0237e+00
275.564  1.4071e-10  8.0857e+00  1.3289e-10  1.0589e+00
275.629  1.4766e-10  8.2398e+00  1.4258e-10  1.0357e+00
275.694  1.2826e-10  7.4906e+00  1.2113e-10  1.0589e+00
275.759  1.8483e-10  1.0929e+01  1.7892e-10  1.0330e+00
275.824  2.0410e-10  1.2066e+01  2.0005e-10  1.0203e+00
275.889  2.2873e-10  1.4002e+01  2.2812e-10  1.0027e+00
275.954  2.5685e-10  1.6133e+01  2.5375e-10  1.0122e+00
276.020  2.7715e-10  1.6133e+01  2.7059e-10  1.0242e+00
276.085  2.7262e-10  1.6133e+01  2.6562e-10  1.0263e+00
276.150  2.6698e-10  1.6133e+01  2.6635e-10  1.0023e+00
276.215  2.4110e-10  1.4946e+01  2.3677e-10  1.0183e+00
276.280  2.2964e-10  1.4946e+01  2.2705e-10  1.0114e+00
276.345  2.7628e-10  1.7321e+01  2.7971e-10  9.8774e-01
276.410  2.5409e-10  1.4946e+01  2.5036e-10  1.0149e+00
276.475  2.7601e-10  1.6133e+01  2.7357e-10  1.0089e+00
276.540  2.7418e-10  1.7321e+01  2.6893e-10  1.0195e+00
276.605  2.6474e-10  1.4946e+01  2.5376e-10  1.0433e+00
276.670  2.9450e-10  1.7321e+01  2.8854e-10  1.0207e+00
276.735  2.6167e-10  1.4946e+01  2.5211e-10  1.0379e+00
276.800  2.3844e-10  1.3758e+01  2.2821e-10  1.0448e+00
276.865  2.3019e-10  1.3758e+01  2.2022e-10  1.0453e+00
276.930  2.4123e-10  1.4946e+01  2.3306e-10  1.0351e+00
276.995  2.5600e-10  1.6133e+01  2.4811e-10  1.0318e+00
277.060  2.4198e-10  1.3758e+01  2.3168e-10  1.0445e+00
277.125  2.6062e-10  1.7321e+01  2.5265e-10  1.0315e+00
277.190  2.7007e-10  1.7321e+01  2.6417e-10  1.0223e+00
277.255  2.7571e-10  1.7321e+01  2.6584e-10  1.0371e+00
277.320  2.6865e-10  1.6133e+01  2.5659e-10  1.0470e+00
277.385  3.0383e-10  1.8815e+01  2.9437e-10  1.0321e+00
277.450  2.8513e-10  1.7321e+01  2.7600e-10  1.0331e+00
277.515  2.6888e-10  1.7321e+01  2.5901e-10  1.0381e+00
277.580  2.7222e-10  1.6133e+01  2.6048e-10  1.0451e+00
277.645  2.5463e-10  1.6133e+01  2.4155e-10  1.0541e+00
277.710  2.5794e-10  1.6133e+01  2.5283e-10  1.0202e+00
277.775  2.4840e-10  1.6133e+01  2.4572e-10  1.0109e+00
277.840  2.2494e-10  1.4946e+01  2.2714e-10  9.9030e-01
277.905  1.9658e-10  1.2815e+01  1.9308e-10  1.0181e+00
277.970  1.8867e-10  1.1872e+01  1.8447e-10  1.0228e+00
278.035  1.8895e-10  1.1872e+01  1.8600e-10  1.0158e+00
278.100  1.7470e-10  1.0929e+01  1.6968e-10  1.0296e+00
278.165  1.7805e-10  1.1872e+01  1.7358e-10  1.0258e+00
278.230  1.6420e-10  1.0179e+01  1.5819e-10  1.0380e+00
278.295  1.7895e-10  1.0929e+01  1.7704e-10  1.0108e+00
278.360  1.7941e-10  1.1872e+01  1.7595e-10  1.0196e+00
278.425  1.7954e-10  1.2066e+01  1.7678e-10  1.0156e+00
278.490  1.9869e-10  1.2815e+01  2.0336e-10  9.7704e-01
278.555  1.8850e-10  1.1872e+01  1.8935e-10  9.9550e-01
278.620  1.8765e-10  1.1872e+01  1.8687e-10  1.0042e+00
278.685  1.8493e-10  1.2815e+01  1.8263e-10  1.0126e+00
278.751  1.7085e-10  1.0179e+01  1.6309e-10  1.0476e+00
278.816  1.8647e-10  1.2815e+01  1.9076e-10  9.7752e-01
278.881  1.6351e-10  1.1122e+01  1.6552e-10  9.8785e-01
278.946  1.4536e-10  1.0179e+01  1.4298e-10  1.0167e+00
279.011  1.3168e-10  8.8349e+00  1.2740e-10  1.0336e+00
279.076  1.1868e-10  7.6130e+00  1.1589e-10  1.0241e+00
279.141  1.1883e-10  8.0857e+00  1.2173e-10  9.7617e-01
279.206  1.0849e-10  8.0857e+00  1.1818e-10  9.1801e-01
279.271  1.1046e-10  8.2398e+00  1.2244e-10  9.0220e-01
279.336  8.0546e-11  6.3440e+00  8.7338e-11  9.2223e-01
279.401  9.0784e-11  7.4906e+00  1.1022e-10  8.2366e-01
279.466  7.8789e-11  5.5745e+00  8.1073e-11  9.7183e-01
279.531  7.5671e-11  5.1989e+00  8.0445e-11  9.4066e-01
279.596  8.4159e-11  7.0178e+00  1.0255e-10  8.2066e-01
279.661  8.0082e-11  6.5451e+00  9.8385e-11  8.1397e-01
279.726  6.9587e-11  5.5745e+00  8.1484e-11  8.5400e-01
279.791  7.8669e-11  6.4227e+00  9.6852e-11  8.1226e-01
279.856  8.9138e-11  7.6130e+00  1.0604e-10  8.4060e-01
279.921  7.4009e-11  5.5745e+00  8.4180e-11  8.7918e-01
279.986  7.2031e-11  5.1989e+00  7.5176e-11  9.5816e-01
280.051  7.5644e-11  5.1989e+00  8.2136e-11  9.2097e-01
280.116  8.2429e-11  6.4227e+00  9.4925e-11  8.6836e-01
280.181  8.0845e-11  5.7489e+00  8.7192e-11  9.2721e-01
280.246  8.1536e-11  6.5451e+00  9.6009e-11  8.4925e-01
280.311  8.0296e-11  5.9500e+00  9.0332e-11  8.8890e-01
280.376  8.0136e-11  5.8713e+00  8.5330e-11  9.3913e-01
280.441  8.4534e-11  5.8713e+00  8.9583e-11  9.4364e-01
280.506  9.5123e-11  7.0178e+00  1.0467e-10  9.0879e-01
280.571  9.4734e-11  7.2943e+00  9.9483e-11  9.5226e-01
280.636  1.1312e-10  8.6808e+00  1.2629e-10  8.9572e-01
280.701  1.1407e-10  7.3915e+00  1.1084e-10  1.0291e+00
280.766  1.3669e-10  9.5841e+00  1.3714e-10  9.9675e-01
280.831  1.5505e-10  1.0373e+01  1.5594e-10  9.9427e-01
280.896  1.6703e-10  1.0373e+01  1.6465e-10  1.0145e+00
280.961  1.4845e-10  9.4300e+00  1.3955e-10  1.0638e+00
281.026  1.8662e-10  1.1872e+01  1.7865e-10  1.0446e+00
281.091  1.9122e-10  1.2815e+01  1.8633e-10  1.0263e+00
281.156  2.1517e-10  1.3758e+01  2.1354e-10  1.0076e+00
281.221  1.9056e-10  1.3758e+01  1.8294e-10  1.0417e+00
281.286  2.1270e-10  1.4946e+01  2.0574e-10  1.0338e+00
281.351  2.4121e-10  1.6133e+01  2.3982e-10  1.0058e+00
281.416  2.3649e-10  1.6133e+01  2.2557e-10  1.0484e+00
281.481  2.7858e-10  1.7321e+01  2.6750e-10  1.0414e+00
281.546  2.8312e-10  1.8815e+01  2.6998e-10  1.0487e+00
281.611  2.9546e-10  1.8815e+01  2.7991e-10  1.0556e+00
281.676  3.1562e-10  2.1805e+01  2.9999e-10  1.0521e+00
281.741  3.3666e-10  2.3687e+01  3.2248e-10  1.0440e+00
281.806  3.0439e-10  1.8815e+01  2.8523e-10  1.0672e+00
281.871  3.3948e-10  2.1805e+01  3.1954e-10  1.0624e+00
281.936  3.3038e-10  2.1805e+01  3.1018e-10  1.0651e+00
282.001  3.3229e-10  2.1805e+01  3.1107e-10  1.0682e+00
282.066  3.6599e-10  2.3687e+01  3.4387e-10  1.0643e+00
282.131  3.6749e-10  2.1805e+01  3.4598e-10  1.0622e+00
282.196  3.5879e-10  2.1805e+01  3.3621e-10  1.0672e+00
282.261  3.4824e-10  2.1805e+01  3.2572e-10  1.0691e+00
282.326  3.9881e-10  2.7451e+01  3.7279e-10  1.0698e+00
282.391  3.8800e-10  2.1805e+01  3.6170e-10  1.0727e+00
282.456  3.8238e-10  2.3687e+01  3.5677e-10  1.0718e+00
282.521  3.7831e-10  2.3687e+01  3.5371e-10  1.0695e+00
282.586  4.0597e-10  2.5569e+01  3.8090e-10  1.0658e+00
282.652  3.8734e-10  2.5569e+01  3.6157e-10  1.0713e+00
282.717  3.9650e-10  2.5569e+01  3.6972e-10  1.0724e+00
282.782  3.8448e-10  2.5569e+01  3.5972e-10  1.0688e+00
282.847  4.0710e-10  2.7451e+01  3.8423e-10  1.0595e+00
282.912  4.3054e-10  2.5569e+01  4.0493e-10  1.0632e+00
282.977  4.5595e-10  2.7451e+01  4.2747e-10  1.0666e+00
283.042  4.5482e-10  2.7451e+01  4.2527e-10  1.0695e+00
283.107  4.6695e-10  2.9820e+01  4.3680e-10  1.0690e+00
283.172  4.4787e-10  2.7451e+01  4.1880e-10  1.0694e+00
283.237  4.5027e-10  2.7451e+01  4.1958e-10  1.0731e+00
283.302  4.4344e-10  2.7451e+01  4.1357e-10  1.0722e+00
283.367  4.4930e-10  2.7451e+01  4.1898e-10  1.0724e+00
283.432  4.1187e-10  2.7451e+01  3.8262e-10  1.0764e+00
283.497  3.8290e-10  2.5569e+01  3.5735e-10  1.0715e+00
283.562  3.9514e-10  2.7451e+01  3.7150e-10  1.0636e+00
283.627  3.9557e-10  2.7451e+01  3.7002e-10  1.0691e+00
283.692  3.9326e-10  2.5569e+01  3.6794e-10  1.0688e+00
283.757  4.0535e-10  2.7451e+01  3.7784e-10  1.0728e+00
283.822  4.5580e-10  2.7451e+01  4.2558e-10  1.0710e+00
283.887  4.3291e-10  2.7451e+01  4.0317e-10  1.0738e+00
283.952  4.6025e-10  2.9820e+01  4.2674e-10  1.0785e+00
284.017  4.4212e-10  2.7451e+01  4.0887e-10  1.0813e+00
284.082  4.5848e-10  2.9820e+01  4.2431e-10  1.0805e+00
284.147  4.5081e-10  2.9820e+01  4.1752e-10  1.0797e+00
284.212  4.1572e-10  2.7451e+01  3.8119e-10  1.0906e+00
284.277  3.7766e-10  2.5569e+01  3.4679e-10  1.0890e+00
284.342  4.2156e-10  2.7451e+01  3.9433e-10  1.0691e+00
284.407  3.8770e-10  2.7451e+01  3.5515e-10  1.0916e+00
284.472  4.0321e-10  2.5569e+01  3.6967e-10  1.0907e+00
284.537  3.6904e-10  2.1805e+01  3.3769e-10  1.0928e+00
284.602  3.3283e-10  2.0310e+01  3.0484e-10  1.0918e+00
284.667  3.6280e-10  2.3687e+01  3.3620e-10  1.0791e+00
284.732  3.1549e-10  2.0310e+01  2.8879e-10  1.0925e+00
284.797  2.9172e-10  1.8815e+01  2.6625e-10  1.0957e+00
284.862  2.5021e-10  1.4946e+01  2.2933e-10  1.0910e+00
284.927  2.2331e-10  1.4946e+01  2.0714e-10  1.0780e+00
284.992  2.0302e-10  1.3758e+01  1.9684e-10  1.0314e+00
285.057  1.5989e-10  1.1122e+01  1.4810e-10  1.0796e+00
285.122  1.2307e-10  8.0857e+00  1.1245e-10  1.0944e+00
285.187  1.1698e-10  8.2398e+00  1.0852e-10  1.0779e+00
285.252  9.1931e-11  5.9500e+00  8.2948e-11  1.1083e+00
285.317  7.6150e-11  4.9007e+00  6.8394e-11  1.1134e+00
285.382  1.1715e-10  7.4906e+00  1.0947e-10  1.0701e+00
285.447  1.2637e-10  8.3622e+00  1.1933e-10  1.0590e+00
285.512  1.5789e-10  1.0929e+01  1.5435e-10  1.0230e+00
285.577  1.9762e-10  1.3758e+01  1.9159e-10  1.0315e+00
285.642  2.2752e-10  1.4946e+01  2.1655e-10  1.0507e+00
285.707  2.5155e-10  1.7321e+01  2.3449e-10  1.0727e+00
285.772  2.7940e-10  1.8815e+01  2.6080e-10  1.0713e+00
285.837  3.2199e-10  2.1805e+01  2.9970e-10  1.0744e+00
285.902  3.6731e-10  2.3687e+01  3.4060e-10  1.0784e+00
285.967  4.1466e-10  2.5569e+01  3.8329e-10  1.0818e+00
286.032  4.4632e-10  2.7451e+01  4.1233e-10  1.0824e+00
286.097  4.7165e-10  2.7451e+01  4.3442e-10  1.0857e+00
286.162  5.0181e-10  3.2190e+01  4.6376e-10  1.0820e+00
286.227  5.2307e-10  3.2190e+01  4.8056e-10  1.0885e+00
286.292  5.0282e-10  2.9820e+01  4.6064e-10  1.0916e+00
286.357  5.4456e-10  3.4559e+01  4.9751e-10  1.0946e+00
286.422  5.8027e-10  3.4559e+01  5.3391e-10  1.0868e+00
286.487  5.6524e-10  3.4559e+01  5.1992e-10  1.0872e+00
286.551  5.9725e-10  3.4559e+01  5.5457e-10  1.0770e+00
286.616  5.5186e-10  3.4559e+01  5.0574e-10  1.0912e+00
286.681  5.8465e-10  3.4559e+01  5.3607e-10  1.0906e+00
286.746  5.6499e-10  3.4559e+01  5.1616e-10  1.0946e+00
286.811  4.9260e-10  2.9820e+01  4.5103e-10  1.0922e+00
286.876  5.0492e-10  2.9820e+01  4.6356e-10  1.0892e+00
286.941  5.1195e-10  3.4559e+01  4.7122e-10  1.0864e+00
287.006  5.5854e-10  3.4559e+01  5.1653e-10  1.0813e+00
287.071  6.3768e-10  3.7542e+01  5.8970e-10  1.0814e+00
287.136  6.3440e-10  4.0524e+01  5.8309e-10  1.0880e+00
287.201  6.4385e-10  4.0524e+01  5.9442e-10  1.0832e+00
287.266  6.5069e-10  4.3507e+01  5.9696e-10  1.0900e+00
287.331  7.0527e-10  4.3507e+01  6.4731e-10  1.0895e+00
287.396  6.6736e-10  4.0524e+01  6.0725e-10  1.0990e+00
287.461  6.3977e-10  4.0524e+01  5.8118e-10  1.1008e+00
287.526  6.2751e-10  4.3507e+01  5.7096e-10  1.0990e+00
287.591  5.7589e-10  3.4559e+01  5.2501e-10  1.0969e+00
287.656  5.7714e-10  3.4559e+01  5.2598e-10  1.0973e+00
287.721  5.8397e-10  3.4559e+01  5.3087e-10  1.1000e+00
287.786  5.5798e-10  3.4559e+01  5.0398e-10  1.1071e+00
287.851  5.4947e-10  3.4559e+01  4.9921e-10  1.1007e+00
287.916  5.3322e-10  3.4559e+01  4.8346e-10  1.1029e+00
287.981  4.7867e-10  2.9820e+01  4.3011e-10  1.1129e+00
288.046  4.2558e-10  2.5569e+01  3.8205e-10  1.1139e+00
288.111  3.7107e-10  2.1805e+01  3.3722e-10  1.1004e+00
288.176  3.3847e-10  2.1805e+01  3.1237e-10  1.0836e+00
288.241  3.4161e-10  2.1805e+01  3.1863e-10  1.0721e+00
288.306  3.6182e-10  2.3687e+01  3.3468e-10  1.0811e+00
288.371  4.3443e-10  2.7451e+01  4.0157e-10  1.0818e+00
288.436  4.9313e-10  3.4559e+01  4.5229e-10  1.0903e+00
288.501  5.8297e-10  3.7542e+01  5.3380e-10  1.0921e+00
288.566  6.6761e-10  4.3507e+01  6.1079e-10  1.0930e+00
288.631  6.8002e-10  4.3507e+01  6.1943e-10  1.0978e+00
288.696  7.4977e-10  4.7262e+01  6.8464e-10  1.0951e+00
288.761  7.5100e-10  4.3507e+01  6.8248e-10  1.1004e+00
288.826  7.8236e-10  5.4772e+01  7.1109e-10  1.1002e+00
288.891  7.2792e-10  4.3507e+01  6.6153e-10  1.1004e+00
288.956  7.6392e-10  5.1017e+01  6.9743e-10  1.0953e+00
289.021  7.1083e-10  4.3507e+01  6.4698e-10  1.0987e+00
289.086  7.5244e-10  4.3507e+01  6.8637e-10  1.0963e+00
289.151  7.7838e-10  5.1017e+01  7.1034e-10  1.0958e+00
289.216  7.6553e-10  5.1017e+01  6.9960e-10  1.0942e+00
289.281  7.5100e-10  4.3507e+01  6.8554e-10  1.0955e+00
289.346  7.5593e-10  4.7262e+01  6.8874e-10  1.0976e+00
289.411  7.7207e-10  5.1017e+01  7.0898e-10  1.0890e+00
289.476  8.0992e-10  5.4772e+01  7.4104e-10  1.0929e+00
289.541  8.6744e-10  5.4772e+01  7.9487e-10  1.0913e+00
289.606  9.3031e-10  5.9500e+01  8.5585e-10  1.0870e+00
289.671  9.4128e-10  5.4772e+01  8.6314e-10  1.0905e+00
289.736  9.6836e-10  6.4227e+01  8.8904e-10  1.0892e+00
289.800  1.0110e-09  6.8954e+01  9.3197e-10  1.0848e+00
289.865  1.0679e-09  6.8954e+01  9.8223e-10  1.0872e+00
289.930  1.0923e-09  6.8954e+01  1.0047e-09  1.0872e+00
289.995  1.1509e-09  6.8954e+01  1.0524e-09  1.0936e+00
290.060  1.1412e-09  6.8954e+01  1.0445e-09  1.0926e+00
290.125  1.2036e-09  7.4906e+01  1.1078e-09  1.0865e+00
290.190  1.1950e-09  6.8954e+01  1.1027e-09  1.0837e+00
290.255  1.2363e-09  8.0857e+01  1.1366e-09  1.0877e+00
290.320  1.2613e-09  8.0857e+01  1.1575e-09  1.0897e+00
290.385  1.2506e-09  8.6808e+01  1.1450e-09  1.0922e+00
290.450  1.2368e-09  7.4906e+01  1.1342e-09  1.0904e+00
290.515  1.2526e-09  8.6808e+01  1.1501e-09  1.0891e+00
290.580  1.2961e-09  8.6808e+01  1.1901e-09  1.0891e+00
290.645  1.2533e-09  8.6808e+01  1.1448e-09  1.0948e+00
290.710  1.2327e-09  7.4906e+01  1.1290e-09  1.0918e+00
290.775  1.2184e-09  7.4906e+01  1.1163e-09  1.0914e+00
290.840  1.1738e-09  6.8954e+01  1.0769e-09  1.0900e+00
290.905  1.1683e-09  6.8954e+01  1.0718e-09  1.0900e+00
290.970  1.1488e-09  6.8954e+01  1.0545e-09  1.0894e+00
291.035  1.1835e-09  6.8954e+01  1.0857e-09  1.0901e+00
291.100  1.1638e-09  6.8954e+01  1.0735e-09  1.0841e+00
291.165  1.2251e-09  6.8954e+01  1.1271e-09  1.0870e+00
291.230  1.2810e-09  7.4906e+01  1.1727e-09  1.0923e+00
291.295  1.2940e-09  7.4906e+01  1.1801e-09  1.0965e+00
291.360  1.3082e-09  7.4906e+01  1.1970e-09  1.0929e+00
291.425  1.3018e-09  8.0857e+01  1.1887e-09  1.0952e+00
291.490  1.2666e-09  6.8954e+01  1.1597e-09  1.0922e+00
291.555  1.2983e-09  8.0857e+01  1.1879e-09  1.0929e+00
291.620  1.2781e-09  6.8954e+01  1.1649e-09  1.0972e+00
291.684  1.1895e-09  6.8954e+01  1.0867e-09  1.0946e+00
291.749  1.1949e-09  6.8954e+01  1.1017e-09  1.0846e+00
291.814  1.1935e-09  6.8954e+01  1.0960e-09  1.0889e+00
291.879  1.2325e-09  6.8954e+01  1.1302e-09  1.0905e+00
291.944  1.2183e-09  6.8954e+01  1.1142e-09  1.0934e+00
292.009  1.2436e-09  6.8954e+01  1.1389e-09  1.0920e+00
292.074  1.2534e-09  6.8954e+01  1.1476e-09  1.0922e+00
292.139  1.2822e-09  6.8954e+01  1.1737e-09  1.0924e+00
292.204  1.3023e-09  8.0857e+01  1.1823e-09  1.1015e+00
292.269  1.2470e-09  6.8954e+01  1.1333e-09  1.1003e+00
292.334  1.2044e-09  6.8954e+01  1.0975e-09  1.0974e+00
292.399  1.2206e-09  6.8954e+01  1.1113e-09  1.0983e+00
292.464  1.1529e-09  6.8954e+01  1.0467e-09  1.1015e+00
292.529  1.0856e-09  6.8954e+01  9.8628e-10  1.1007e+00
292.594  1.0296e-09  6.8954e+01  9.3731e-10  1.0984e+00
292.659  1.0303e-09  6.4227e+01  9.4116e-10  1.0948e+00
292.724  1.0664e-09  6.8954e+01  9.6947e-10  1.1000e+00
292.789  9.9428e-10  6.4227e+01  9.0293e-10  1.1012e+00
292.854  1.0095e-09  6.8954e+01  9.2824e-10  1.0876e+00
292.919  1.1079e-09  6.8954e+01  1.0146e-09  1.0920e+00
292.984  1.1995e-09  7.4906e+01  1.0966e-09  1.0938e+00
293.049  1.2618e-09  8.6808e+01  1.1511e-09  1.0962e+00
293.114  1.3285e-09  8.6808e+01  1.2121e-09  1.0961e+00
293.178  1.3859e-09  8.6808e+01  1.2674e-09  1.0935e+00
293.243  1.4680e-09  8.6808e+01  1.3451e-09  1.0913e+00
293.308  1.4924e-09  8.6808e+01  1.3609e-09  1.0966e+00
293.373  1.5095e-09  8.6808e+01  1.3818e-09  1.0924e+00
293.438  1.5993e-09  9.4300e+01  1.4600e-09  1.0954e+00
293.503  1.5266e-09  8.6808e+01  1.3727e-09  1.1121e+00
293.568  1.3946e-09  8.6808e+01  1.2529e-09  1.1131e+00
293.633  1.2849e-09  8.6808e+01  1.1615e-09  1.1063e+00
293.698  1.2486e-09  6.8954e+01  1.1321e-09  1.1029e+00
293.763  1.2391e-09  6.8954e+01  1.1195e-09  1.1068e+00
293.828  1.1549e-09  6.8954e+01  1.0424e-09  1.1079e+00
293.893  1.0966e-09  6.8954e+01  9.9319e-10  1.1042e+00
293.958  1.1028e-09  6.8954e+01  1.0075e-09  1.0946e+00
294.023  1.1824e-09  6.8954e+01  1.0827e-09  1.0921e+00
294.088  1.2128e-09  6.8954e+01  1.1126e-09  1.0901e+00
294.153  1.2883e-09  8.6808e+01  1.1815e-09  1.0904e+00
294.218  1.3331e-09  8.6808e+01  1.2189e-09  1.0937e+00
294.283  1.3757e-09  8.6808e+01  1.2514e-09  1.0993e+00
294.348  1.3166e-09  8.0857e+01  1.1964e-09  1.1005e+00
294.413  1.3293e-09  8.6808e+01  1.2165e-09  1.0927e+00
294.477  1.4624e-09  8.6808e+01  1.3451e-09  1.0872e+00
294.542  1.5524e-09  8.6808e+01  1.4166e-09  1.0958e+00
294.607  1.4973e-09  8.6808e+01  1.3490e-09  1.1099e+00
294.672  1.3450e-09  8.6808e+01  1.2098e-09  1.1118e+00
294.737  1.2926e-09  8.0857e+01  1.1712e-09  1.1037e+00
294.802  1.2355e-09  7.4906e+01  1.1196e-09  1.1035e+00
294.867  1.2003e-09  6.8954e+01  1.0888e-09  1.1024e+00
294.932  1.1600e-09  6.8954e+01  1.0501e-09  1.1047e+00
294.997  1.1188e-09  6.8954e+01  1.0186e-09  1.0983e+00
295.062  1.2193e-09  7.4906e+01  1.1253e-09  1.0835e+00
295.127  1.4087e-09  8.6808e+01  1.3044e-09  1.0799e+00
295.192  1.5799e-09  8.6808e+01  1.4509e-09  1.0889e+00
295.257  1.5881e-09  8.6808e+01  1.4446e-09  1.0993e+00
295.322  1.5681e-09  8.6808e+01  1.4290e-09  1.0973e+00
295.387  1.6020e-09  9.4300e+01  1.4649e-09  1.0936e+00
295.452  1.6576e-09  1.0929e+02  1.5099e-09  1.0978e+00
295.517  1.6446e-09  9.4300e+01  1.4907e-09  1.1033e+00
295.581  1.5017e-09  8.6808e+01  1.3538e-09  1.1093e+00
295.646  1.4022e-09  8.6808e+01  1.2798e-09  1.0956e+00
295.711  1.5568e-09  8.6808e+01  1.4388e-09  1.0820e+00
295.776  1.7261e-09  1.0929e+02  1.5865e-09  1.0880e+00
295.841  1.6956e-09  1.0929e+02  1.5419e-09  1.0997e+00
295.906  1.6342e-09  1.0929e+02  1.4906e-09  1.0963e+00
295.971  1.6522e-09  1.0929e+02  1.5134e-09  1.0917e+00
296.036  1.7117e-09  1.0929e+02  1.5794e-09  1.0838e+00
296.101  1.8280e-09  1.0929e+02  1.6860e-09  1.0842e+00
296.166  1.8662e-09  1.0929e+02  1.7152e-09  1.0880e+00
296.231  1.8903e-09  1.0929e+02  1.7341e-09  1.0901e+00
296.296  1.8874e-09  1.0929e+02  1.7332e-09  1.0890e+00
296.361  1.8676e-09  1.0929e+02  1.7016e-09  1.0975e+00
296.426  1.7837e-09  1.0929e+02  1.6235e-09  1.0987e+00
296.491  1.6758e-09  1.0929e+02  1.5177e-09  1.1042e+00
296.556  1.5120e-09  8.6808e+01  1.3582e-09  1.1133e+00
296.621  1.2850e-09  8.6808e+01  1.1585e-09  1.1092e+00
296.685  1.2121e-09  6.8954e+01  1.1014e-09  1.1005e+00
296.750  1.1530e-09  6.8954e+01  1.0495e-09  1.0986e+00
296.815  1.1844e-09  6.8954e+01  1.0797e-09  1.0969e+00
296.880  1.1655e-09  6.8954e+01  1.0599e-09  1.0996e+00
296.945  1.1485e-09  6.8954e+01  1.0558e-09  1.0878e+00
297.010  1.3202e-09  8.6808e+01  1.2250e-09  1.0777e+00
297.075  1.4632e-09  8.6808e+01  1.3445e-09  1.0883e+00
297.140  1.4403e-09  8.6808e+01  1.3206e-09  1.0907e+00
297.205  1.3041e-09  8.6808e+01  1.1817e-09  1.1036e+00
297.270  1.3032e-09  8.6808e+01  1.1990e-09  1.0869e+00
297.335  1.4684e-09  8.6808e+01  1.3604e-09  1.0794e+00
297.400  1.6581e-09  1.0929e+02  1.5233e-09  1.0885e+00
297.465  1.6762e-09  1.0929e+02  1.5290e-09  1.0963e+00
297.530  1.7052e-09  1.0929e+02  1.5631e-09  1.0909e+00
297.595  1.8667e-09  1.0929e+02  1.7303e-09  1.0788e+00
297.659  2.2043e-09  1.3758e+02  2.0491e-09  1.0757e+00
297.724  2.3468e-09  1.3758e+02  2.1663e-09  1.0833e+00
297.789  2.3541e-09  1.3758e+02  2.1591e-09  1.0903e+00
297.854  2.2684e-09  1.2815e+02  2.0860e-09  1.0874e+00
297.919  2.2647e-09  1.3758e+02  2.0871e-09  1.0851e+00
297.984  2.2272e-09  1.1872e+02  2.0381e-09  1.0928e+00
298.049  2.0329e-09  1.0929e+02  1.8387e-09  1.1056e+00
298.114  1.7750e-09  1.0929e+02  1.6192e-09  1.0962e+00
298.179  1.6369e-09  8.6808e+01  1.4950e-09  1.0949e+00
298.244  1.4893e-09  8.6808e+01  1.3591e-09  1.0958e+00
298.309  1.3623e-09  8.6808e+01  1.2433e-09  1.0957e+00
298.374  1.2503e-09  6.8954e+01  1.1441e-09  1.0929e+00
298.439  1.1481e-09  6.8954e+01  1.0627e-09  1.0804e+00
298.504  1.1887e-09  6.8954e+01  1.1112e-09  1.0697e+00
298.569  1.2640e-09  6.8954e+01  1.1705e-09  1.0799e+00
298.633  1.2313e-09  6.8954e+01  1.1427e-09  1.0775e+00
298.698  1.3400e-09  8.6808e+01  1.2600e-09  1.0635e+00
298.763  1.4834e-09  8.6808e+01  1.3909e-09  1.0665e+00
298.828  1.6288e-09  8.6808e+01  1.5299e-09  1.0647e+00
298.893  1.8389e-09  1.0929e+02  1.7250e-09  1.0660e+00
298.958  2.0489e-09  1.0929e+02  1.9068e-09  1.0745e+00
299.023  2.1558e-09  1.0929e+02  2.0042e-09  1.0757e+00
299.088  2.2414e-09  1.3758e+02  2.0865e-09  1.0742e+00
299.153  2.2909e-09  1.3758e+02  2.1318e-09  1.0746e+00
299.218  2.3689e-09  1.3758e+02  2.1953e-09  1.0791e+00
299.283  2.2836e-09  1.3758e+02  2.0922e-09  1.0915e+00
299.348  2.0403e-09  1.0929e+02  1.8532e-09  1.1009e+00
