  497   12
     -23.3507     143.8781      10.7492      64.9790     -78.2258      74.1149
299.162  1.4590e-08  2.5158e+02  1.4620e-08  9.9795e-01
299.227  1.5084e-08  2.7045e+02  1.5129e-08  9.9702e-01
299.292  1.4432e-08  2.5158e+02  1.4448e-08  9.9892e-01
299.357  1.2963e-08  2.1857e+02  1.3009e-08  9.9645e-01
299.422  1.2306e-08  2.1482e+02  1.2355e-08  9.9607e-01
299.487  1.2558e-08  2.1857e+02  1.2652e-08  9.9257e-01
299.552  1.3109e-08  2.1857e+02  1.3185e-08  9.9421e-01
299.617  1.3978e-08  2.4687e+02  1.4077e-08  9.9295e-01
299.682  1.4698e-08  2.5158e+02  1.4770e-08  9.9516e-01
299.747  1.5683e-08  2.7516e+02  1.5787e-08  9.9341e-01
299.812  1.6080e-08  2.7516e+02  1.6150e-08  9.9564e-01
299.877  1.5538e-08  2.7045e+02  1.5611e-08  9.9535e-01
299.941  1.3869e-08  2.3743e+02  1.3911e-08  9.9695e-01
300.006  1.2199e-08  2.1857e+02  1.2276e-08  9.9373e-01
300.071  1.0651e-08  1.9609e+02  1.0718e-08  9.9375e-01
300.136  8.6980e-09  1.6469e+02  8.7931e-09  9.8918e-01
300.201  7.5472e-09  1.3791e+02  7.6418e-09  9.8762e-01
300.266  7.6700e-09  1.3791e+02  7.7986e-09  9.8351e-01
300.331  8.9978e-09  1.7064e+02  9.1176e-09  9.8686e-01
300.396  1.0838e-08  1.9609e+02  1.0984e-08  9.8673e-01
300.461  1.2507e-08  2.1857e+02  1.2617e-08  9.9129e-01
300.526  1.3538e-08  2.3272e+02  1.3662e-08  9.9094e-01
300.591  1.4452e-08  2.3743e+02  1.4568e-08  9.9206e-01
300.656  1.5067e-08  2.5158e+02  1.5211e-08  9.9054e-01
300.721  1.5236e-08  2.5158e+02  1.5343e-08  9.9305e-01
300.786  1.4970e-08  2.5158e+02  1.5098e-08  9.9150e-01
300.851  1.4431e-08  2.4215e+02  1.4537e-08  9.9268e-01
300.916  1.5184e-08  2.6102e+02  1.5319e-08  9.9118e-01
300.981  1.6681e-08  2.7516e+02  1.6806e-08  9.9256e-01
301.045  1.7724e-08  2.8110e+02  1.7856e-08  9.9263e-01
301.110  1.8741e-08  2.8704e+02  1.8861e-08  9.9363e-01
301.175  2.0942e-08  3.2266e+02  2.1078e-08  9.9354e-01
301.240  2.2535e-08  3.4641e+02  2.2658e-08  9.9458e-01
301.305  2.4435e-08  3.6883e+02  2.4602e-08  9.9320e-01
301.370  2.4283e-08  3.5388e+02  2.4399e-08  9.9524e-01
301.435  2.4183e-08  3.6883e+02  2.4330e-08  9.9397e-01
301.500  2.5151e-08  3.7631e+02  2.5275e-08  9.9508e-01
301.565  2.6032e-08  3.9126e+02  2.6200e-08  9.9357e-01
301.630  2.4684e-08  3.6883e+02  2.4813e-08  9.9481e-01
301.695  2.3456e-08  3.5388e+02  2.3611e-08  9.9346e-01
301.760  2.1970e-08  3.4047e+02  2.2095e-08  9.9434e-01
301.825  2.0350e-08  3.2266e+02  2.0490e-08  9.9315e-01
301.890  1.8063e-08  2.8110e+02  1.8173e-08  9.9395e-01
301.955  1.5151e-08  2.4215e+02  1.5275e-08  9.9188e-01
302.020  1.2453e-08  2.0359e+02  1.2564e-08  9.9117e-01
302.084  1.2073e-08  1.9984e+02  1.2222e-08  9.8780e-01
302.149  1.3214e-08  2.1857e+02  1.3347e-08  9.9005e-01
302.214  1.5181e-08  2.4687e+02  1.5327e-08  9.9048e-01
302.279  1.6869e-08  2.7516e+02  1.6987e-08  9.9307e-01
302.344  1.8883e-08  2.9891e+02  1.9037e-08  9.9189e-01
302.409  2.1660e-08  3.4641e+02  2.1813e-08  9.9296e-01
302.474  2.3058e-08  3.5388e+02  2.3253e-08  9.9163e-01
302.539  2.4061e-08  3.6136e+02  2.4235e-08  9.9282e-01
302.604  2.6281e-08  4.2116e+02  2.6498e-08  9.9180e-01
302.669  2.8644e-08  4.3610e+02  2.8823e-08  9.9378e-01
302.734  3.1478e-08  4.9256e+02  3.1686e-08  9.9344e-01
302.799  3.3290e-08  5.1138e+02  3.3445e-08  9.9537e-01
302.864  3.5236e-08  5.4902e+02  3.5455e-08  9.9382e-01
302.929  3.8943e-08  5.4902e+02  3.9194e-08  9.9360e-01
302.994  4.1060e-08  5.9641e+02  4.1320e-08  9.9372e-01
303.059  3.9646e-08  5.6087e+02  3.9864e-08  9.9453e-01
303.123  4.0065e-08  5.6087e+02  4.0320e-08  9.9368e-01
303.188  4.1812e-08  5.7272e+02  4.2069e-08  9.9388e-01
303.253  4.3199e-08  6.0825e+02  4.3499e-08  9.9310e-01
303.318  4.4832e-08  6.2010e+02  4.5126e-08  9.9348e-01
303.383  4.6947e-08  6.9118e+02  4.7284e-08  9.9287e-01
303.448  5.0302e-08  6.9118e+02  5.0663e-08  9.9287e-01
303.513  5.3692e-08  6.9118e+02  5.4076e-08  9.9290e-01
303.578  5.0703e-08  6.9118e+02  5.0979e-08  9.9459e-01
303.643  4.5392e-08  6.4379e+02  4.5598e-08  9.9549e-01
303.708  4.2226e-08  5.7272e+02  4.2414e-08  9.9557e-01
303.773  4.1826e-08  5.7272e+02  4.2038e-08  9.9496e-01
303.838  4.1066e-08  5.4902e+02  4.1285e-08  9.9471e-01
303.903  3.8551e-08  5.4902e+02  3.8759e-08  9.9464e-01
303.968  3.5509e-08  5.2079e+02  3.5723e-08  9.9402e-01
304.033  3.4596e-08  5.1138e+02  3.4870e-08  9.9215e-01
304.097  3.6038e-08  5.3961e+02  3.6344e-08  9.9159e-01
304.162  3.6741e-08  5.4902e+02  3.7089e-08  9.9061e-01
304.227  3.6880e-08  5.4902e+02  3.7234e-08  9.9049e-01
304.292  3.6816e-08  5.4902e+02  3.7178e-08  9.9026e-01
304.357  3.7626e-08  5.4902e+02  3.7990e-08  9.9041e-01
304.422  4.0278e-08  5.4902e+02  4.0711e-08  9.8937e-01
304.487  4.4177e-08  5.9641e+02  4.4662e-08  9.8914e-01
304.552  4.8164e-08  6.9118e+02  4.8659e-08  9.8982e-01
304.617  4.7310e-08  6.9118e+02  4.7671e-08  9.9242e-01
304.682  4.4449e-08  6.3195e+02  4.4747e-08  9.9333e-01
304.747  4.3966e-08  6.2010e+02  4.4272e-08  9.9308e-01
304.812  4.5510e-08  6.9118e+02  4.5884e-08  9.9186e-01
304.877  4.7761e-08  6.9118e+02  4.8099e-08  9.9297e-01
304.942  4.6342e-08  6.7933e+02  4.6635e-08  9.9372e-01
305.007  4.7207e-08  6.9118e+02  4.7571e-08  9.9235e-01
305.072  5.5943e-08  7.6575e+02  5.6493e-08  9.9026e-01
305.136  6.4975e-08  8.7014e+02  6.5603e-08  9.9043e-01
305.201  6.9758e-08  8.7014e+02  7.0386e-08  9.9107e-01
305.266  6.8618e-08  8.7014e+02  6.9115e-08  9.9281e-01
305.331  6.6504e-08  8.7014e+02  6.6984e-08  9.9284e-01
305.396  6.7796e-08  8.7014e+02  6.8421e-08  9.9087e-01
305.461  6.9664e-08  8.7014e+02  7.0298e-08  9.9098e-01
305.526  6.6369e-08  8.7014e+02  6.6855e-08  9.9272e-01
305.591  5.9630e-08  8.1049e+02  5.9951e-08  9.9464e-01
305.656  5.2478e-08  6.9118e+02  5.2669e-08  9.9638e-01
305.721  5.0271e-08  6.9118e+02  5.0465e-08  9.9616e-01
305.786  4.7167e-08  6.5564e+02  4.7301e-08  9.9717e-01
305.851  4.4110e-08  6.2010e+02  4.4249e-08  9.9686e-01
305.916  4.1710e-08  5.4902e+02  4.1883e-08  9.9587e-01
305.981  4.0524e-08  5.4902e+02  4.0791e-08  9.9346e-01
306.046  4.4205e-08  5.7272e+02  4.4602e-08  9.9111e-01
306.110  5.0185e-08  6.9118e+02  5.0738e-08  9.8911e-01
306.175  5.4902e-08  6.9118e+02  5.5539e-08  9.8853e-01
306.240  5.8153e-08  7.0609e+02  5.8904e-08  9.8726e-01
306.305  5.9249e-08  7.0609e+02  6.0034e-08  9.8692e-01
306.370  5.7907e-08  6.9118e+02  5.8709e-08  9.8635e-01
306.435  5.7747e-08  6.9118e+02  5.8523e-08  9.8674e-01
306.500  5.4614e-08  6.9118e+02  5.5249e-08  9.8850e-01
306.565  5.0381e-08  6.9118e+02  5.0858e-08  9.9063e-01
306.630  4.6521e-08  6.3195e+02  4.6925e-08  9.9140e-01
306.695  4.6067e-08  5.9641e+02  4.6550e-08  9.8963e-01
306.760  4.9998e-08  6.9118e+02  5.0550e-08  9.8908e-01
306.825  5.4011e-08  6.9118e+02  5.4575e-08  9.8967e-01
306.890  5.7717e-08  6.9118e+02  5.8335e-08  9.8940e-01
306.955  6.1925e-08  7.6575e+02  6.2791e-08  9.8620e-01
307.020  6.8394e-08  8.7014e+02  6.9506e-08  9.8400e-01
307.084  7.3320e-08  8.7014e+02  7.4586e-08  9.8303e-01
307.149  7.6406e-08  8.7014e+02  7.7699e-08  9.8337e-01
307.214  7.9148e-08  8.7014e+02  8.0470e-08  9.8357e-01
307.279  8.0562e-08  9.0769e+02  8.1839e-08  9.8440e-01
307.344  8.0676e-08  9.0769e+02  8.1894e-08  9.8513e-01
307.409  7.8909e-08  9.0769e+02  7.9708e-08  9.8997e-01
307.474  7.4669e-08  8.7014e+02  7.5408e-08  9.9021e-01
307.539  7.8142e-08  9.4524e+02  7.9107e-08  9.8780e-01
307.604  8.2796e-08  1.0579e+03  8.3850e-08  9.8743e-01
307.669  8.2410e-08  1.0767e+03  8.3365e-08  9.8854e-01
307.734  7.8706e-08  9.6402e+02  7.9650e-08  9.8814e-01
307.799  7.9390e-08  1.0016e+03  8.0469e-08  9.8660e-01
307.864  8.4045e-08  1.0954e+03  8.5480e-08  9.8321e-01
307.929  8.9558e-08  1.0954e+03  9.1194e-08  9.8206e-01
307.994  8.7925e-08  1.0954e+03  8.9377e-08  9.8375e-01
308.058  8.2406e-08  1.0579e+03  8.3615e-08  9.8554e-01
308.123  7.9245e-08  9.8279e+02  8.0534e-08  9.8399e-01
308.188  8.0201e-08  1.0203e+03  8.1522e-08  9.8379e-01
308.253  7.6738e-08  9.2647e+02  7.7913e-08  9.8491e-01
308.318  7.5783e-08  9.4524e+02  7.7199e-08  9.8166e-01
308.383  7.7827e-08  9.6402e+02  7.9335e-08  9.8099e-01
308.448  7.9692e-08  1.0579e+03  8.1315e-08  9.8004e-01
308.513  8.4484e-08  1.0954e+03  8.6284e-08  9.7914e-01
308.578  8.6735e-08  1.0954e+03  8.8558e-08  9.7941e-01
308.643  8.5957e-08  1.0954e+03  8.7704e-08  9.8008e-01
308.708  8.6211e-08  1.0954e+03  8.7848e-08  9.8137e-01
308.773  8.5131e-08  1.0767e+03  8.6587e-08  9.8318e-01
308.838  8.1176e-08  1.0391e+03  8.2470e-08  9.8431e-01
308.903  7.8001e-08  9.6402e+02  7.9251e-08  9.8423e-01
308.968  7.5833e-08  9.2647e+02  7.6889e-08  9.8626e-01
309.033  7.3032e-08  8.7014e+02  7.3929e-08  9.8786e-01
309.097  7.3215e-08  8.7014e+02  7.4010e-08  9.8926e-01
309.162  7.1155e-08  8.7014e+02  7.1350e-08  9.9726e-01
309.227  6.4883e-08  8.7014e+02  6.4757e-08  1.0019e+00
309.292  6.2916e-08  8.4032e+02  6.2889e-08  1.0004e+00
309.357  6.6259e-08  8.7014e+02  6.6339e-08  9.9879e-01
309.422  7.1823e-08  8.7014e+02  7.2080e-08  9.9644e-01
309.487  7.8268e-08  9.6402e+02  7.8438e-08  9.9784e-01
309.552  7.6945e-08  9.0769e+02  7.6780e-08  1.0021e+00
309.617  7.8529e-08  9.6402e+02  7.9120e-08  9.9254e-01
309.682  8.5425e-08  1.0954e+03  8.6527e-08  9.8726e-01
309.747  9.0212e-08  1.0954e+03  9.1359e-08  9.8745e-01
309.812  8.8253e-08  1.0954e+03  8.8802e-08  9.9382e-01
309.877  7.9840e-08  9.4524e+02  7.9687e-08  1.0019e+00
309.942  7.1208e-08  8.7014e+02  7.0869e-08  1.0048e+00
310.007  7.0468e-08  8.7014e+02  7.0261e-08  1.0029e+00
310.071  6.9345e-08  8.7014e+02  6.9066e-08  1.0040e+00
310.136  6.7168e-08  8.7014e+02  6.6974e-08  1.0029e+00
310.201  6.8388e-08  8.7014e+02  6.8309e-08  1.0012e+00
310.266  7.3503e-08  8.7014e+02  7.3676e-08  9.9765e-01
310.331  8.3283e-08  9.4524e+02  8.4089e-08  9.9041e-01
310.396  9.4926e-08  1.0954e+03  9.6347e-08  9.8525e-01
310.461  1.0299e-07  1.0954e+03  1.0528e-07  9.7826e-01
310.526  1.1300e-07  1.2136e+03  1.1618e-07  9.7264e-01
310.591  1.1949e-07  1.3554e+03  1.2321e-07  9.6984e-01
310.656  1.2179e-07  1.3791e+03  1.2563e-07  9.6943e-01
310.721  1.2443e-07  1.3791e+03  1.2866e-07  9.6714e-01
310.786  1.2748e-07  1.3791e+03  1.3180e-07  9.6722e-01
310.851  1.2993e-07  1.3791e+03  1.3449e-07  9.6611e-01
310.916  1.3149e-07  1.3791e+03  1.3571e-07  9.6889e-01
310.981  1.3232e-07  1.3791e+03  1.3646e-07  9.6963e-01
311.045  1.3490e-07  1.3791e+03  1.3889e-07  9.7126e-01
311.110  1.3546e-07  1.3791e+03  1.3941e-07  9.7163e-01
311.175  1.3692e-07  1.3791e+03  1.4070e-07  9.7311e-01
311.240  1.3598e-07  1.3791e+03  1.3951e-07  9.7471e-01
311.305  1.3281e-07  1.3791e+03  1.3603e-07  9.7633e-01
311.370  1.3448e-07  1.3791e+03  1.3837e-07  9.7188e-01
311.435  1.4074e-07  1.3791e+03  1.4488e-07  9.7146e-01
311.500  1.4169e-07  1.3791e+03  1.4555e-07  9.7351e-01
311.565  1.3851e-07  1.3791e+03  1.4176e-07  9.7708e-01
311.630  1.3257e-07  1.3791e+03  1.3574e-07  9.7666e-01
311.695  1.2912e-07  1.3791e+03  1.3238e-07  9.7541e-01
311.760  1.2971e-07  1.3791e+03  1.3303e-07  9.7507e-01
311.825  1.2774e-07  1.3791e+03  1.3040e-07  9.7958e-01
311.890  1.2045e-07  1.3318e+03  1.2261e-07  9.8241e-01
311.954  1.1491e-07  1.2609e+03  1.1719e-07  9.8058e-01
312.019  1.1529e-07  1.2373e+03  1.1779e-07  9.7880e-01
312.084  1.1418e-07  1.2373e+03  1.1645e-07  9.8048e-01
312.149  1.1448e-07  1.2373e+03  1.1708e-07  9.7781e-01
312.214  1.1893e-07  1.3791e+03  1.2170e-07  9.7725e-01
312.279  1.2529e-07  1.3791e+03  1.2856e-07  9.7453e-01
312.344  1.3400e-07  1.3791e+03  1.3712e-07  9.7726e-01
312.409  1.3448e-07  1.3791e+03  1.3703e-07  9.8139e-01
312.474  1.3495e-07  1.3791e+03  1.3742e-07  9.8201e-01
312.539  1.3857e-07  1.3791e+03  1.4119e-07  9.8141e-01
312.604  1.4300e-07  1.3791e+03  1.4557e-07  9.8238e-01
312.669  1.4387e-07  1.3791e+03  1.4619e-07  9.8414e-01
312.734  1.3990e-07  1.3791e+03  1.4177e-07  9.8680e-01
312.799  1.3431e-07  1.3791e+03  1.3682e-07  9.8162e-01
312.864  1.4119e-07  1.3791e+03  1.4451e-07  9.7700e-01
312.928  1.4371e-07  1.3791e+03  1.4680e-07  9.7894e-01
312.993  1.4475e-07  1.3791e+03  1.4794e-07  9.7845e-01
313.058  1.4430e-07  1.3791e+03  1.4725e-07  9.7995e-01
313.123  1.3966e-07  1.3791e+03  1.4244e-07  9.8047e-01
313.188  1.3989e-07  1.3791e+03  1.4284e-07  9.7931e-01
313.253  1.4017e-07  1.3791e+03  1.4239e-07  9.8441e-01
313.318  1.3233e-07  1.3791e+03  1.3423e-07  9.8588e-01
313.383  1.3399e-07  1.3791e+03  1.3644e-07  9.8205e-01
313.448  1.3724e-07  1.3791e+03  1.3958e-07  9.8321e-01
313.513  1.3607e-07  1.3791e+03  1.3838e-07  9.8331e-01
313.578  1.3704e-07  1.3791e+03  1.3959e-07  9.8172e-01
313.643  1.4150e-07  1.3791e+03  1.4426e-07  9.8089e-01
313.708  1.4858e-07  1.3791e+03  1.5231e-07  9.7550e-01
313.773  1.6076e-07  1.4684e+03  1.6517e-07  9.7327e-01
313.838  1.6694e-07  1.5279e+03  1.7123e-07  9.7492e-01
313.902  1.6932e-07  1.5874e+03  1.7359e-07  9.7539e-01
313.967  1.7471e-07  1.6171e+03  1.7988e-07  9.7127e-01
314.032  1.8368e-07  1.7362e+03  1.8937e-07  9.6997e-01
314.097  1.8763e-07  1.7362e+03  1.9323e-07  9.7104e-01
314.162  1.8505e-07  1.7362e+03  1.8943e-07  9.7685e-01
314.227  1.7547e-07  1.6469e+03  1.7774e-07  9.8723e-01
314.292  1.5846e-07  1.3791e+03  1.5860e-07  9.9910e-01
314.357  1.4714e-07  1.3791e+03  1.4667e-07  1.0032e+00
314.422  1.3811e-07  1.3791e+03  1.3730e-07  1.0059e+00
314.487  1.3053e-07  1.3554e+03  1.2984e-07  1.0053e+00
314.552  1.2482e-07  1.2373e+03  1.2398e-07  1.0067e+00
314.617  1.1986e-07  1.1191e+03  1.1997e-07  9.9908e-01
314.682  1.2373e-07  1.2373e+03  1.2572e-07  9.8420e-01
314.747  1.4106e-07  1.3791e+03  1.4533e-07  9.7062e-01
314.812  1.6199e-07  1.3791e+03  1.6678e-07  9.7130e-01
314.876  1.7156e-07  1.4088e+03  1.7590e-07  9.7533e-01
314.941  1.7525e-07  1.4684e+03  1.7923e-07  9.7777e-01
315.006  1.7797e-07  1.4684e+03  1.8221e-07  9.7675e-01
315.071  1.8388e-07  1.6171e+03  1.8814e-07  9.7737e-01
315.136  1.8651e-07  1.5874e+03  1.9062e-07  9.7846e-01
315.201  1.8729e-07  1.6171e+03  1.9047e-07  9.8328e-01
315.266  1.8328e-07  1.4684e+03  1.8622e-07  9.8419e-01
315.331  1.7756e-07  1.3791e+03  1.8017e-07  9.8550e-01
315.396  1.7662e-07  1.3791e+03  1.7934e-07  9.8485e-01
315.461  1.7414e-07  1.3791e+03  1.7652e-07  9.8653e-01
315.526  1.7136e-07  1.3791e+03  1.7324e-07  9.8914e-01
315.591  1.6438e-07  1.3791e+03  1.6496e-07  9.9651e-01
315.656  1.5246e-07  1.3791e+03  1.5243e-07  1.0002e+00
315.721  1.3982e-07  1.2845e+03  1.3943e-07  1.0028e+00
315.785  1.3101e-07  1.0954e+03  1.3071e-07  1.0023e+00
315.850  1.2460e-07  1.0954e+03  1.2418e-07  1.0034e+00
315.915  1.1802e-07  1.0954e+03  1.1791e-07  1.0009e+00
315.980  1.1039e-07  1.0954e+03  1.1059e-07  9.9822e-01
316.045  1.1013e-07  1.0954e+03  1.1146e-07  9.8806e-01
316.110  1.1785e-07  1.0954e+03  1.1915e-07  9.8911e-01
316.175  1.2639e-07  1.0954e+03  1.2854e-07  9.8329e-01
316.240  1.4319e-07  1.3791e+03  1.4584e-07  9.8185e-01
316.305  1.5156e-07  1.3791e+03  1.5391e-07  9.8472e-01
316.370  1.5639e-07  1.3791e+03  1.5910e-07  9.8296e-01
316.435  1.6654e-07  1.3791e+03  1.7019e-07  9.7855e-01
316.500  1.7459e-07  1.3791e+03  1.7785e-07  9.8166e-01
316.565  1.7759e-07  1.3791e+03  1.8223e-07  9.7454e-01
316.630  1.8786e-07  1.5874e+03  1.9247e-07  9.7605e-01
316.695  1.8584e-07  1.5279e+03  1.8952e-07  9.8057e-01
316.759  1.8357e-07  1.5576e+03  1.8742e-07  9.7945e-01
316.824  1.8581e-07  1.5874e+03  1.9036e-07  9.7608e-01
316.889  1.8972e-07  1.7064e+03  1.9489e-07  9.7346e-01
316.954  1.9738e-07  1.7362e+03  2.0465e-07  9.6448e-01
317.019  2.0993e-07  1.7362e+03  2.1670e-07  9.6874e-01
317.084  2.0982e-07  1.7362e+03  2.1671e-07  9.6820e-01
317.149  2.1910e-07  1.7362e+03  2.2756e-07  9.6281e-01
317.214  2.2927e-07  1.7362e+03  2.3840e-07  9.6169e-01
317.279  2.3814e-07  1.7362e+03  2.4733e-07  9.6286e-01
317.344  2.4076e-07  1.7362e+03  2.4925e-07  9.6592e-01
317.409  2.3555e-07  1.7362e+03  2.4289e-07  9.6977e-01
317.474  2.3150e-07  1.7362e+03  2.3944e-07  9.6683e-01
317.539  2.3469e-07  1.7362e+03  2.4287e-07  9.6630e-01
317.604  2.3667e-07  1.7362e+03  2.4400e-07  9.6996e-01
317.668  2.2973e-07  1.7362e+03  2.3610e-07  9.7302e-01
317.733  2.2216e-07  1.7362e+03  2.2766e-07  9.7584e-01
317.798  2.1193e-07  1.7362e+03  2.1571e-07  9.8249e-01
317.863  2.0290e-07  1.6469e+03  2.0593e-07  9.8530e-01
317.928  1.9130e-07  1.5576e+03  1.9331e-07  9.8961e-01
317.993  1.7557e-07  1.3791e+03  1.7673e-07  9.9344e-01
318.058  1.5603e-07  1.3791e+03  1.5676e-07  9.9532e-01
318.123  1.5000e-07  1.3554e+03  1.5181e-07  9.8810e-01
318.188  1.4737e-07  1.3554e+03  1.4901e-07  9.8899e-01
318.253  1.5002e-07  1.3791e+03  1.5346e-07  9.7756e-01
318.318  1.6030e-07  1.3791e+03  1.6336e-07  9.8126e-01
318.383  1.6565e-07  1.3791e+03  1.6909e-07  9.7968e-01
318.448  1.7553e-07  1.3791e+03  1.7988e-07  9.7582e-01
318.512  1.8907e-07  1.3791e+03  1.9389e-07  9.7516e-01
318.577  1.9668e-07  1.5874e+03  2.0105e-07  9.7825e-01
318.642  2.0516e-07  1.7064e+03  2.1041e-07  9.7506e-01
318.707  2.1284e-07  1.7362e+03  2.1746e-07  9.7877e-01
318.772  2.2081e-07  1.7362e+03  2.2763e-07  9.7003e-01
318.837  2.4231e-07  1.7362e+03  2.4989e-07  9.6965e-01
318.902  2.5211e-07  1.7362e+03  2.5858e-07  9.7497e-01
318.967  2.5185e-07  1.7362e+03  2.5729e-07  9.7887e-01
319.032  2.5159e-07  1.7362e+03  2.5626e-07  9.8178e-01
319.097  2.4470e-07  1.7362e+03  2.4709e-07  9.9033e-01
319.162  2.3095e-07  1.7362e+03  2.3248e-07  9.9342e-01
319.227  2.1870e-07  1.7362e+03  2.1890e-07  9.9911e-01
319.292  1.9731e-07  1.3791e+03  1.9749e-07  9.9909e-01
319.356  1.8162e-07  1.3791e+03  1.8312e-07  9.9179e-01
319.421  1.7779e-07  1.3791e+03  1.8076e-07  9.8357e-01
319.486  1.7786e-07  1.3791e+03  1.8105e-07  9.8240e-01
319.551  1.8367e-07  1.3791e+03  1.8740e-07  9.8010e-01
319.616  1.9281e-07  1.3791e+03  1.9661e-07  9.8068e-01
319.681  2.0620e-07  1.4088e+03  2.1120e-07  9.7634e-01
319.746  2.2064e-07  1.7362e+03  2.2659e-07  9.7373e-01
319.811  2.3321e-07  1.7362e+03  2.3870e-07  9.7701e-01
319.876  2.3257e-07  1.7362e+03  2.3705e-07  9.8111e-01
319.941  2.2923e-07  1.7362e+03  2.3428e-07  9.7845e-01
320.006  2.3489e-07  1.7362e+03  2.4191e-07  9.7099e-01
320.071  2.4790e-07  1.7362e+03  2.5618e-07  9.6766e-01
320.136  2.4682e-07  1.7362e+03  2.5365e-07  9.7307e-01
320.200  2.3795e-07  1.7362e+03  2.4501e-07  9.7120e-01
320.265  2.3699e-07  1.7362e+03  2.4628e-07  9.6228e-01
320.330  2.5276e-07  1.7362e+03  2.6488e-07  9.5423e-01
320.395  2.6768e-07  1.7362e+03  2.8010e-07  9.5564e-01
320.460  2.7015e-07  1.7362e+03  2.8227e-07  9.5705e-01
320.525  2.7374e-07  1.7362e+03  2.8602e-07  9.5708e-01
320.590  2.8527e-07  1.7362e+03  2.9892e-07  9.5432e-01
320.655  2.9647e-07  1.7362e+03  3.0904e-07  9.5934e-01
320.720  2.9483e-07  1.7362e+03  3.0541e-07  9.6536e-01
320.785  2.8235e-07  1.7362e+03  2.9085e-07  9.7077e-01
320.850  2.7569e-07  1.7362e+03  2.8481e-07  9.6797e-01
320.915  2.7376e-07  1.7362e+03  2.7945e-07  9.7964e-01
320.979  2.5721e-07  1.7362e+03  2.6171e-07  9.8280e-01
321.044  2.4333e-07  1.7362e+03  2.4602e-07  9.8905e-01
321.109  2.2371e-07  1.4386e+03  2.2681e-07  9.8633e-01
321.174  2.1725e-07  1.3791e+03  2.2032e-07  9.8609e-01
321.239  2.1138e-07  1.3791e+03  2.1396e-07  9.8796e-01
321.304  2.0040e-07  1.3791e+03  2.0181e-07  9.9300e-01
321.369  1.9767e-07  1.3791e+03  2.0153e-07  9.8086e-01
321.434  2.0515e-07  1.3791e+03  2.0933e-07  9.8003e-01
321.499  2.1270e-07  1.3791e+03  2.1804e-07  9.7550e-01
321.564  2.2111e-07  1.3791e+03  2.2417e-07  9.8634e-01
321.629  2.1796e-07  1.3791e+03  2.2204e-07  9.8163e-01
321.693  2.3191e-07  1.3791e+03  2.3765e-07  9.7583e-01
321.758  2.5334e-07  1.7362e+03  2.6089e-07  9.7108e-01
321.823  2.6358e-07  1.7362e+03  2.6891e-07  9.8016e-01
321.888  2.6138e-07  1.7362e+03  2.6711e-07  9.7856e-01
321.953  2.6646e-07  1.7362e+03  2.7258e-07  9.7755e-01
322.018  2.7437e-07  1.7362e+03  2.8077e-07  9.7720e-01
322.083  2.7433e-07  1.7362e+03  2.7866e-07  9.8447e-01
322.148  2.6411e-07  1.5279e+03  2.6658e-07  9.9075e-01
322.213  2.4786e-07  1.3791e+03  2.4967e-07  9.9274e-01
322.278  2.4616e-07  1.3791e+03  2.5031e-07  9.8344e-01
322.343  2.5394e-07  1.3791e+03  2.5706e-07  9.8786e-01
322.408  2.4195e-07  1.3791e+03  2.4354e-07  9.9346e-01
322.472  2.2680e-07  1.3791e+03  2.2811e-07  9.9425e-01
322.537  2.2767e-07  1.3791e+03  2.3008e-07  9.8952e-01
322.602  2.2944e-07  1.3791e+03  2.3138e-07  9.9160e-01
322.667  2.2691e-07  1.3791e+03  2.2697e-07  9.9975e-01
322.732  2.1289e-07  1.3791e+03  2.1122e-07  1.0079e+00
322.797  1.9623e-07  1.1191e+03  1.9464e-07  1.0082e+00
322.862  1.8713e-07  1.0954e+03  1.8617e-07  1.0052e+00
322.927  1.9005e-07  1.0954e+03  1.9062e-07  9.9703e-01
322.992  1.9477e-07  1.1427e+03  1.9556e-07  9.9598e-01
323.057  2.0182e-07  1.2609e+03  2.0453e-07  9.8676e-01
323.121  2.1737e-07  1.3791e+03  2.2044e-07  9.8608e-01
323.186  2.2861e-07  1.3791e+03  2.3095e-07  9.8986e-01
323.251  2.4111e-07  1.3791e+03  2.4233e-07  9.9495e-01
323.316  2.4649e-07  1.3791e+03  2.4622e-07  1.0011e+00
323.381  2.4863e-07  1.3791e+03  2.4732e-07  1.0053e+00
323.446  2.5701e-07  1.3791e+03  2.5521e-07  1.0071e+00
323.511  2.5303e-07  1.3791e+03  2.4770e-07  1.0215e+00
323.576  2.3795e-07  1.3791e+03  2.3374e-07  1.0180e+00
323.641  2.4280e-07  1.3791e+03  2.3978e-07  1.0126e+00
323.706  2.4896e-07  1.3791e+03  2.4727e-07  1.0068e+00
323.770  2.6105e-07  1.3791e+03  2.5834e-07  1.0105e+00
323.835  2.6115e-07  1.3791e+03  2.5870e-07  1.0095e+00
323.900  2.6582e-07  1.3791e+03  2.6375e-07  1.0078e+00
323.965  2.8000e-07  1.3791e+03  2.8021e-07  9.9924e-01
324.030  2.9754e-07  1.5874e+03  2.9682e-07  1.0024e+00
324.095  2.9467e-07  1.3791e+03  2.9344e-07  1.0042e+00
324.160  2.9438e-07  1.3791e+03  2.9187e-07  1.0086e+00
324.225  2.9307e-07  1.3791e+03  2.9247e-07  1.0021e+00
324.290  3.0344e-07  1.4386e+03  3.0294e-07  1.0016e+00
324.355  3.0264e-07  1.3791e+03  3.0254e-07  1.0003e+00
324.419  3.0006e-07  1.3791e+03  2.9968e-07  1.0013e+00
324.484  3.0015e-07  1.3791e+03  3.0130e-07  9.9617e-01
324.549  3.1267e-07  1.5576e+03  3.1315e-07  9.9848e-01
324.614  3.0213e-07  1.3791e+03  3.0117e-07  1.0032e+00
324.679  2.9673e-07  1.3791e+03  2.9538e-07  1.0046e+00
324.744  2.9209e-07  1.3791e+03  2.9059e-07  1.0052e+00
324.809  2.8683e-07  1.3791e+03  2.8350e-07  1.0118e+00
324.874  2.7882e-07  1.3791e+03  2.7592e-07  1.0105e+00
324.939  2.6676e-07  1.3791e+03  2.6293e-07  1.0146e+00
325.003  2.5198e-07  1.3791e+03  2.4953e-07  1.0098e+00
325.068  2.5799e-07  1.3791e+03  2.5714e-07  1.0033e+00
325.133  2.6688e-07  1.3791e+03  2.6706e-07  9.9934e-01
325.198  2.7804e-07  1.3791e+03  2.7887e-07  9.9703e-01
325.263  2.8436e-07  1.3791e+03  2.8476e-07  9.9861e-01
325.328  2.7918e-07  1.3791e+03  2.7950e-07  9.9886e-01
325.393  2.9637e-07  1.3791e+03  2.9860e-07  9.9253e-01
325.458  3.1702e-07  1.4684e+03  3.1752e-07  9.9842e-01
325.522  3.2815e-07  1.7064e+03  3.2966e-07  9.9541e-01
325.587  3.3759e-07  1.7362e+03  3.3898e-07  9.9591e-01
325.652  3.4242e-07  1.7362e+03  3.4470e-07  9.9338e-01
325.717  3.5342e-07  1.7362e+03  3.5770e-07  9.8804e-01
325.782  3.7516e-07  1.7362e+03  3.8080e-07  9.8519e-01
325.847  3.8525e-07  1.7362e+03  3.8935e-07  9.8948e-01
325.912  3.8334e-07  1.7362e+03  3.8863e-07  9.8640e-01
325.977  3.9263e-07  1.7362e+03  3.9695e-07  9.8911e-01
326.042  3.8921e-07  1.7362e+03  3.9359e-07  9.8886e-01
326.106  3.9622e-07  1.7362e+03  4.0079e-07  9.8860e-01
326.171  4.0621e-07  1.7362e+03  4.1017e-07  9.9034e-01
326.236  4.0584e-07  1.7362e+03  4.0845e-07  9.9361e-01
326.301  3.9433e-07  1.7362e+03  3.9688e-07  9.9357e-01
326.366  3.8232e-07  1.7362e+03  3.8394e-07  9.9577e-01
326.431  3.6734e-07  1.7362e+03  3.7004e-07  9.9272e-01
326.496  3.7477e-07  1.7362e+03  3.7883e-07  9.8928e-01
326.561  3.8379e-07  1.7362e+03  3.8684e-07  9.9211e-01
326.625  3.7983e-07  1.7362e+03  3.8260e-07  9.9276e-01
326.690  3.8290e-07  1.7362e+03  3.8645e-07  9.9080e-01
326.755  3.9336e-07  1.7362e+03  3.9716e-07  9.9042e-01
326.820  4.0828e-07  1.7362e+03  4.1247e-07  9.8985e-01
326.885  4.1881e-07  1.7362e+03  4.2212e-07  9.9216e-01
326.950  4.1628e-07  1.7362e+03  4.1749e-07  9.9710e-01
327.015  3.9917e-07  1.7362e+03  3.9867e-07  1.0013e+00
327.079  3.8159e-07  1.7362e+03  3.8149e-07  1.0003e+00
327.144  3.7734e-07  1.7362e+03  3.7731e-07  1.0001e+00
327.209  3.7425e-07  1.7362e+03  3.7409e-07  1.0004e+00
327.274  3.7000e-07  1.7362e+03  3.6875e-07  1.0034e+00
327.339  3.6628e-07  1.7362e+03  3.6572e-07  1.0015e+00
327.404  3.7440e-07  1.7362e+03  3.7422e-07  1.0005e+00
327.469  3.8625e-07  1.7362e+03  3.8630e-07  9.9986e-01
327.533  3.9162e-07  1.7362e+03  3.9046e-07  1.0030e+00
327.598  3.8613e-07  1.7362e+03  3.8443e-07  1.0044e+00
327.663  3.7878e-07  1.7362e+03  3.7722e-07  1.0041e+00
327.728  3.7754e-07  1.7362e+03  3.7632e-07  1.0032e+00
327.793  3.7101e-07  1.7362e+03  3.6852e-07  1.0068e+00
327.858  3.5268e-07  1.7362e+03  3.5025e-07  1.0069e+00
327.923  3.4134e-07  1.6469e+03  3.4005e-07  1.0038e+00
327.987  3.4245e-07  1.6469e+03  3.4196e-07  1.0014e+00
328.052  3.4962e-07  1.7362e+03  3.4843e-07  1.0034e+00
328.117  3.4391e-07  1.5279e+03  3.4196e-07  1.0057e+00
328.182  3.3635e-07  1.4684e+03  3.3496e-07  1.0042e+00
328.247  3.4470e-07  1.4386e+03  3.4442e-07  1.0008e+00
328.312  3.5986e-07  1.7064e+03  3.5815e-07  1.0048e+00
328.377  3.6256e-07  1.7362e+03  3.6009e-07  1.0069e+00
328.441  3.6195e-07  1.5874e+03  3.5866e-07  1.0092e+00
328.506  3.6046e-07  1.4088e+03  3.5643e-07  1.0113e+00
328.571  3.4952e-07  1.3791e+03  3.4402e-07  1.0160e+00
328.636  3.4758e-07  1.3791e+03  3.4219e-07  1.0158e+00
328.701  3.4460e-07  1.3791e+03  3.3737e-07  1.0214e+00
328.766  3.3252e-07  1.3791e+03  3.2776e-07  1.0145e+00
328.830  3.3804e-07  1.3791e+03  3.3411e-07  1.0118e+00
328.895  3.5515e-07  1.3791e+03  3.5122e-07  1.0112e+00
328.960  3.6919e-07  1.3791e+03  3.6481e-07  1.0120e+00
329.025  3.9529e-07  1.4684e+03  3.9277e-07  1.0064e+00
329.090  4.1369e-07  1.7362e+03  4.1010e-07  1.0088e+00
329.155  4.2475e-07  1.7362e+03  4.2250e-07  1.0053e+00
329.219  4.4469e-07  1.7362e+03  4.4100e-07  1.0084e+00
329.284  4.5795e-07  1.7362e+03  4.5353e-07  1.0098e+00
329.349  4.5774e-07  1.7362e+03  4.5103e-07  1.0149e+00
329.414  4.5355e-07  1.7362e+03  4.4883e-07  1.0105e+00
329.479  4.5477e-07  1.7362e+03  4.4992e-07  1.0108e+00
329.544  4.6071e-07  1.7362e+03  4.5711e-07  1.0079e+00
329.608  4.7140e-07  1.7362e+03  4.6654e-07  1.0104e+00
329.673  4.7182e-07  1.7362e+03  4.6590e-07  1.0127e+00
329.738  4.6014e-07  1.7362e+03  4.5364e-07  1.0143e+00
329.803  4.5186e-07  1.7362e+03  4.4779e-07  1.0091e+00
329.868  4.5818e-07  1.7362e+03  4.5435e-07  1.0084e+00
329.933  4.7831e-07  1.7362e+03  4.7427e-07  1.0085e+00
329.997  4.9032e-07  1.7362e+03  4.8434e-07  1.0124e+00
330.062  4.7701e-07  1.7362e+03  4.7701e-07  1.0000e+00
330.127  4.6370e-07  1.7362e+03  4.6370e-07  1.0000e+00
330.192  4.5804e-07  1.7064e+03  4.5804e-07  1.0000e+00
330.257  4.5191e-07  1.6767e+03  4.5191e-07  1.0000e+00
330.321  4.4220e-07  1.5279e+03  4.4220e-07  1.0000e+00
330.386  4.1427e-07  1.3791e+03  4.1427e-07  1.0000e+00
330.451  3.8820e-07  1.3791e+03  3.8820e-07  1.0000e+00
330.516  3.5830e-07  1.3791e+03  3.5830e-07  1.0000e+00
330.581  3.4968e-07  1.3791e+03  3.4968e-07  1.0000e+00
330.646  3.5264e-07  1.3791e+03  3.5264e-07  1.0000e+00
330.710  3.4821e-07  1.3791e+03  3.4821e-07  1.0000e+00
330.775  3.4616e-07  1.3791e+03  3.4616e-07  1.0000e+00
330.840  3.4908e-07  1.3554e+03  3.4908e-07  1.0000e+00
330.905  3.5138e-07  1.3554e+03  3.5138e-07  1.0000e+00
330.970  3.7003e-07  1.3791e+03  3.7003e-07  1.0000e+00
331.034  3.8978e-07  1.3791e+03  3.8978e-07  1.0000e+00
331.099  3.9227e-07  1.3791e+03  3.9227e-07  1.0000e+00
331.164  3.8562e-07  1.3791e+03  3.8562e-07  1.0000e+00
331.229  3.8427e-07  1.3791e+03  3.8427e-07  1.0000e+00
331.294  3.7321e-07  1.2845e+03  3.7321e-07  1.0000e+00
331.358  3.6517e-07  1.0954e+03  3.6517e-07  1.0000e+00
