  497   12
     -23.2896     169.3280      10.8090      64.7709     -78.7263      74.0924
299.162  1.5973e-09  2.9420e+01  1.6019e-09  9.9710e-01
299.227  1.6604e-09  3.3454e+01  1.6782e-09  9.8938e-01
299.292  1.5193e-09  2.9298e+01  1.5029e-09  1.0109e+00
299.357  1.3717e-09  2.6695e+01  1.3847e-09  9.9062e-01
299.422  1.2484e-09  2.3491e+01  1.2650e-09  9.8687e-01
299.487  1.3150e-09  2.6102e+01  1.3687e-09  9.6077e-01
299.552  1.2695e-09  2.4215e+01  1.2772e-09  9.9393e-01
299.617  1.4388e-09  2.7638e+01  1.4882e-09  9.6681e-01
299.682  1.4711e-09  2.9298e+01  1.5040e-09  9.7812e-01
299.747  1.5660e-09  3.0607e+01  1.6110e-09  9.7205e-01
299.812  1.5456e-09  2.8948e+01  1.5555e-09  9.9365e-01
299.877  1.5836e-09  3.1201e+01  1.6064e-09  9.8580e-01
299.941  1.4319e-09  2.8354e+01  1.4336e-09  9.9884e-01
300.006  1.3074e-09  2.6573e+01  1.3417e-09  9.7440e-01
300.071  1.1638e-09  2.2426e+01  1.1931e-09  9.7545e-01
300.136  1.0266e-09  2.1108e+01  1.0838e-09  9.4723e-01
300.201  8.5060e-10  1.7246e+01  8.9152e-10  9.5410e-01
300.266  8.7964e-10  1.8937e+01  9.6239e-10  9.1402e-01
300.331  9.9620e-10  2.0138e+01  1.0770e-09  9.2497e-01
300.396  1.1371e-09  2.4215e+01  1.2229e-09  9.2983e-01
300.461  1.2889e-09  2.5630e+01  1.3505e-09  9.5440e-01
300.526  1.4440e-09  2.9891e+01  1.5271e-09  9.4560e-01
300.591  1.4050e-09  2.7167e+01  1.4607e-09  9.6186e-01
300.656  1.4999e-09  2.8826e+01  1.5864e-09  9.4545e-01
300.721  1.4224e-09  2.6573e+01  1.4663e-09  9.7007e-01
300.786  1.3950e-09  2.7386e+01  1.4457e-09  9.6496e-01
300.851  1.3277e-09  2.5630e+01  1.3702e-09  9.6900e-01
300.916  1.3758e-09  2.6670e+01  1.4482e-09  9.5001e-01
300.981  1.5173e-09  2.8704e+01  1.5811e-09  9.5968e-01
301.045  1.4920e-09  2.8232e+01  1.5336e-09  9.7286e-01
301.110  1.6153e-09  2.9298e+01  1.6625e-09  9.7162e-01
301.175  1.7685e-09  3.2860e+01  1.8194e-09  9.7200e-01
301.240  1.8693e-09  3.4047e+01  1.8999e-09  9.8391e-01
301.305  2.0805e-09  3.8378e+01  2.1489e-09  9.6818e-01
301.370  2.0095e-09  3.4641e+01  2.0334e-09  9.8825e-01
301.435  2.0218e-09  3.6136e+01  2.0665e-09  9.7837e-01
301.500  2.0930e-09  3.6883e+01  2.1297e-09  9.8276e-01
301.565  2.1426e-09  3.9873e+01  2.1895e-09  9.7858e-01
301.630  2.0143e-09  3.4795e+01  2.0324e-09  9.9110e-01
301.695  1.9164e-09  3.4641e+01  1.9523e-09  9.8160e-01
301.760  1.8391e-09  3.2860e+01  1.8616e-09  9.8793e-01
301.825  1.8440e-09  3.3454e+01  1.9090e-09  9.6597e-01
301.890  1.6569e-09  2.9891e+01  1.7055e-09  9.7148e-01
301.955  1.4368e-09  2.7167e+01  1.5094e-09  9.5190e-01
302.020  1.1808e-09  2.2245e+01  1.2527e-09  9.4264e-01
302.084  1.2924e-09  2.4809e+01  1.4251e-09  9.0691e-01
302.149  1.3613e-09  2.4687e+01  1.4466e-09  9.4101e-01
302.214  1.5167e-09  2.8232e+01  1.5781e-09  9.6112e-01
302.279  1.6665e-09  3.0013e+01  1.6980e-09  9.8143e-01
302.344  1.9465e-09  3.5696e+01  2.0161e-09  9.6549e-01
302.409  2.1293e-09  3.7631e+01  2.1744e-09  9.7927e-01
302.474  2.2900e-09  4.3610e+01  2.3522e-09  9.7354e-01
302.539  2.2533e-09  3.9873e+01  2.2958e-09  9.8147e-01
302.604  2.4443e-09  4.5492e+01  2.5027e-09  9.7665e-01
302.669  2.6881e-09  4.8315e+01  2.7266e-09  9.8589e-01
302.734  2.9406e-09  5.6087e+01  2.9809e-09  9.8648e-01
302.799  3.0687e-09  5.6087e+01  3.0609e-09  1.0025e+00
302.864  3.2644e-09  6.5564e+01  3.3083e-09  9.8674e-01
302.929  3.5511e-09  6.9118e+01  3.5991e-09  9.8667e-01
302.994  3.7344e-09  6.9118e+01  3.7782e-09  9.8840e-01
303.059  3.6236e-09  6.9118e+01  3.6425e-09  9.9481e-01
303.123  3.6102e-09  6.9118e+01  3.6455e-09  9.9031e-01
303.188  3.7952e-09  6.9118e+01  3.8240e-09  9.9246e-01
303.253  4.0285e-09  7.0609e+01  4.0889e-09  9.8523e-01
303.318  4.0723e-09  6.9118e+01  4.1011e-09  9.9298e-01
303.383  4.3171e-09  7.9557e+01  4.3643e-09  9.8919e-01
303.448  4.4865e-09  7.9557e+01  4.5272e-09  9.9101e-01
303.513  4.9195e-09  8.7014e+01  4.9731e-09  9.8923e-01
303.578  4.7670e-09  8.7014e+01  4.7562e-09  1.0023e+00
303.643  4.2697e-09  7.2101e+01  4.2371e-09  1.0077e+00
303.708  3.9616e-09  6.9118e+01  3.9316e-09  1.0076e+00
303.773  3.9326e-09  6.9118e+01  3.9285e-09  1.0010e+00
303.838  3.9801e-09  6.9118e+01  3.9789e-09  1.0003e+00
303.903  3.8574e-09  6.9118e+01  3.8739e-09  9.9574e-01
303.968  3.5539e-09  6.3195e+01  3.5683e-09  9.9596e-01
304.033  3.6737e-09  6.7933e+01  3.7433e-09  9.8141e-01
304.097  3.7406e-09  6.9118e+01  3.8129e-09  9.8104e-01
304.162  3.9485e-09  7.0609e+01  4.0433e-09  9.7656e-01
304.227  4.0082e-09  6.9118e+01  4.0798e-09  9.8246e-01
304.292  4.1628e-09  7.2101e+01  4.2315e-09  9.8377e-01
304.357  4.3548e-09  7.5083e+01  4.4163e-09  9.8608e-01
304.422  4.6985e-09  8.7014e+01  4.7833e-09  9.8227e-01
304.487  5.1147e-09  8.7014e+01  5.1973e-09  9.8411e-01
304.552  5.6194e-09  1.0954e+02  5.6982e-09  9.8617e-01
304.617  5.5586e-09  9.8279e+01  5.5665e-09  9.9858e-01
304.682  5.2228e-09  8.7014e+01  5.2072e-09  1.0030e+00
304.747  5.1526e-09  8.7014e+01  5.1484e-09  1.0008e+00
304.812  5.4357e-09  1.0391e+02  5.4755e-09  9.9273e-01
304.877  5.7079e-09  1.0579e+02  5.6990e-09  1.0016e+00
304.942  5.8135e-09  1.0954e+02  5.7695e-09  1.0076e+00
305.007  5.9217e-09  1.0954e+02  5.9214e-09  1.0001e+00
305.072  7.0079e-09  1.3791e+02  7.0559e-09  9.9320e-01
305.136  8.1114e-09  1.3791e+02  8.1236e-09  9.9849e-01
305.201  8.8585e-09  1.7064e+02  8.8006e-09  1.0066e+00
305.266  8.7602e-09  1.4386e+02  8.6075e-09  1.0177e+00
305.331  8.7553e-09  1.6171e+02  8.6274e-09  1.0148e+00
305.396  8.8902e-09  1.6767e+02  8.8267e-09  1.0072e+00
305.461  9.1242e-09  1.7362e+02  9.0489e-09  1.0083e+00
305.526  8.8304e-09  1.4981e+02  8.6973e-09  1.0153e+00
305.591  8.1124e-09  1.3791e+02  7.9407e-09  1.0216e+00
305.656  7.2855e-09  1.2609e+02  7.1020e-09  1.0258e+00
305.721  6.9450e-09  1.1191e+02  6.7966e-09  1.0218e+00
305.786  6.6515e-09  1.0954e+02  6.4900e-09  1.0249e+00
305.851  6.2504e-09  1.0954e+02  6.1234e-09  1.0207e+00
305.916  6.1596e-09  1.0954e+02  6.0616e-09  1.0162e+00
305.981  6.1545e-09  1.0954e+02  6.1275e-09  1.0044e+00
306.046  6.8074e-09  1.0954e+02  6.8120e-09  9.9932e-01
306.110  7.6451e-09  1.3791e+02  7.6739e-09  9.9625e-01
306.175  8.4622e-09  1.3791e+02  8.4820e-09  9.9767e-01
306.240  8.9618e-09  1.3791e+02  9.0011e-09  9.9564e-01
306.305  9.1421e-09  1.3791e+02  9.1593e-09  9.9813e-01
306.370  9.1348e-09  1.4088e+02  9.1741e-09  9.9572e-01
306.435  9.3687e-09  1.4386e+02  9.3841e-09  9.9836e-01
306.500  9.1356e-09  1.3791e+02  9.0820e-09  1.0059e+00
306.565  8.6196e-09  1.3791e+02  8.5164e-09  1.0121e+00
306.630  8.2719e-09  1.3791e+02  8.1728e-09  1.0121e+00
306.695  8.2287e-09  1.3791e+02  8.1832e-09  1.0056e+00
306.760  9.0783e-09  1.3791e+02  9.0526e-09  1.0028e+00
306.825  9.6937e-09  1.4981e+02  9.6050e-09  1.0092e+00
306.890  1.0567e-08  1.7362e+02  1.0460e-08  1.0102e+00
306.955  1.1338e-08  1.7362e+02  1.1330e-08  1.0007e+00
307.020  1.2604e-08  2.1857e+02  1.2649e-08  9.9642e-01
307.084  1.3443e-08  2.1857e+02  1.3484e-08  9.9696e-01
307.149  1.4283e-08  2.1857e+02  1.4316e-08  9.9772e-01
307.214  1.4970e-08  2.1857e+02  1.4949e-08  1.0014e+00
307.279  1.5759e-08  2.7045e+02  1.5666e-08  1.0059e+00
307.344  1.6118e-08  2.7045e+02  1.5960e-08  1.0099e+00
307.409  1.6262e-08  2.7516e+02  1.5907e-08  1.0223e+00
307.474  1.5583e-08  2.5158e+02  1.5272e-08  1.0204e+00
307.539  1.6445e-08  2.7516e+02  1.6235e-08  1.0129e+00
307.604  1.7560e-08  2.7516e+02  1.7308e-08  1.0145e+00
307.669  1.7724e-08  2.7516e+02  1.7410e-08  1.0181e+00
307.734  1.7112e-08  2.7516e+02  1.6841e-08  1.0161e+00
307.799  1.7310e-08  2.7516e+02  1.7145e-08  1.0096e+00
307.864  1.8088e-08  2.7516e+02  1.8085e-08  1.0002e+00
307.929  1.9246e-08  3.4641e+02  1.9270e-08  9.9876e-01
307.994  1.8902e-08  2.9891e+02  1.8802e-08  1.0053e+00
308.058  1.7887e-08  2.7516e+02  1.7763e-08  1.0070e+00
308.123  1.7138e-08  2.7516e+02  1.7098e-08  1.0024e+00
308.188  1.7477e-08  2.7516e+02  1.7454e-08  1.0013e+00
308.253  1.7059e-08  2.7516e+02  1.7001e-08  1.0034e+00
308.318  1.7491e-08  2.7516e+02  1.7560e-08  9.9608e-01
308.383  1.8422e-08  2.7516e+02  1.8462e-08  9.9782e-01
308.448  1.9475e-08  3.4641e+02  1.9499e-08  9.9875e-01
308.513  2.0880e-08  3.4641e+02  2.0871e-08  1.0004e+00
308.578  2.1718e-08  3.4641e+02  2.1642e-08  1.0035e+00
308.643  2.1650e-08  3.4641e+02  2.1520e-08  1.0060e+00
308.708  2.1972e-08  3.4641e+02  2.1809e-08  1.0075e+00
308.773  2.1819e-08  3.4641e+02  2.1587e-08  1.0108e+00
308.838  2.1020e-08  3.4641e+02  2.0775e-08  1.0118e+00
308.903  2.0056e-08  3.2860e+02  1.9830e-08  1.0114e+00
308.968  1.9420e-08  3.2860e+02  1.9164e-08  1.0134e+00
309.033  1.8838e-08  2.9298e+02  1.8578e-08  1.0140e+00
309.097  1.9008e-08  2.9298e+02  1.8713e-08  1.0158e+00
309.162  1.8743e-08  2.7516e+02  1.8115e-08  1.0347e+00
309.227  1.7452e-08  2.7516e+02  1.6753e-08  1.0417e+00
309.292  1.7278e-08  2.7516e+02  1.6685e-08  1.0355e+00
309.357  1.8811e-08  2.7516e+02  1.8203e-08  1.0334e+00
309.422  2.0941e-08  3.4641e+02  2.0324e-08  1.0303e+00
309.487  2.3425e-08  3.4641e+02  2.2577e-08  1.0375e+00
309.552  2.3487e-08  3.4641e+02  2.2420e-08  1.0476e+00
309.617  2.3923e-08  3.4641e+02  2.3294e-08  1.0270e+00
309.682  2.6121e-08  4.3610e+02  2.5638e-08  1.0188e+00
309.747  2.8047e-08  4.3610e+02  2.7447e-08  1.0219e+00
309.812  2.8059e-08  4.3610e+02  2.7120e-08  1.0346e+00
309.877  2.5946e-08  3.9126e+02  2.4792e-08  1.0465e+00
309.942  2.3632e-08  3.4641e+02  2.2618e-08  1.0449e+00
310.007  2.3376e-08  3.4641e+02  2.2509e-08  1.0385e+00
310.071  2.2855e-08  3.4641e+02  2.2009e-08  1.0385e+00
310.136  2.2417e-08  3.4641e+02  2.1669e-08  1.0345e+00
310.201  2.2855e-08  3.4641e+02  2.2207e-08  1.0292e+00
310.266  2.4606e-08  3.4641e+02  2.4001e-08  1.0252e+00
310.331  2.7812e-08  4.3610e+02  2.7366e-08  1.0163e+00
310.396  3.1688e-08  4.3610e+02  3.1295e-08  1.0126e+00
310.461  3.4373e-08  4.9256e+02  3.4193e-08  1.0053e+00
310.526  3.7880e-08  5.4902e+02  3.7952e-08  9.9811e-01
310.591  4.0586e-08  5.4902e+02  4.0696e-08  9.9731e-01
310.656  4.2225e-08  5.4902e+02  4.2253e-08  9.9934e-01
310.721  4.3858e-08  5.4902e+02  4.3957e-08  9.9774e-01
310.786  4.5713e-08  6.3195e+02  4.5741e-08  9.9939e-01
310.851  4.6833e-08  6.3195e+02  4.6891e-08  9.9877e-01
310.916  4.7442e-08  6.5564e+02  4.7351e-08  1.0019e+00
310.981  4.7807e-08  6.5564e+02  4.7694e-08  1.0024e+00
311.045  4.8748e-08  6.9118e+02  4.8553e-08  1.0040e+00
311.110  4.8841e-08  6.5564e+02  4.8700e-08  1.0029e+00
311.175  4.9241e-08  6.9118e+02  4.8997e-08  1.0050e+00
311.240  4.8883e-08  6.5564e+02  4.8540e-08  1.0071e+00
311.305  4.7496e-08  6.5564e+02  4.7135e-08  1.0077e+00
311.370  4.7591e-08  6.3195e+02  4.7607e-08  9.9967e-01
311.435  4.9690e-08  6.9118e+02  4.9748e-08  9.9884e-01
311.500  5.0064e-08  6.9118e+02  4.9970e-08  1.0019e+00
311.565  4.9170e-08  6.9118e+02  4.8908e-08  1.0053e+00
311.630  4.7816e-08  6.5564e+02  4.7669e-08  1.0031e+00
311.695  4.7216e-08  6.9118e+02  4.7243e-08  9.9942e-01
311.760  4.8058e-08  6.9118e+02  4.8121e-08  9.9870e-01
311.825  4.8646e-08  6.9118e+02  4.8354e-08  1.0060e+00
311.890  4.7023e-08  6.5564e+02  4.6627e-08  1.0085e+00
311.954  4.5935e-08  6.5564e+02  4.5677e-08  1.0056e+00
312.019  4.6833e-08  6.6749e+02  4.6701e-08  1.0028e+00
312.084  4.7046e-08  6.9118e+02  4.6826e-08  1.0047e+00
312.149  4.7670e-08  6.9118e+02  4.7651e-08  1.0004e+00
312.214  5.0191e-08  6.9118e+02  5.0097e-08  1.0019e+00
312.279  5.3266e-08  6.9118e+02  5.3260e-08  1.0001e+00
312.344  5.7648e-08  6.9118e+02  5.7280e-08  1.0064e+00
312.409  5.8269e-08  6.9118e+02  5.7588e-08  1.0118e+00
312.474  5.8861e-08  7.0609e+02  5.8140e-08  1.0124e+00
312.539  6.0789e-08  7.2101e+02  6.0083e-08  1.0118e+00
312.604  6.3531e-08  7.8066e+02  6.2660e-08  1.0139e+00
312.669  6.4655e-08  7.8066e+02  6.3579e-08  1.0169e+00
312.734  6.3910e-08  7.9557e+02  6.2626e-08  1.0205e+00
312.799  6.1898e-08  7.2101e+02  6.1144e-08  1.0123e+00
312.864  6.5610e-08  8.2540e+02  6.5108e-08  1.0077e+00
312.928  6.7029e-08  8.2540e+02  6.6343e-08  1.0103e+00
312.993  6.8079e-08  8.7014e+02  6.7419e-08  1.0098e+00
313.058  6.8490e-08  8.7014e+02  6.7689e-08  1.0118e+00
313.123  6.6757e-08  8.2540e+02  6.5983e-08  1.0117e+00
313.188  6.6528e-08  8.2540e+02  6.5920e-08  1.0092e+00
313.253  6.6523e-08  8.2540e+02  6.5504e-08  1.0156e+00
313.318  6.2269e-08  6.9118e+02  6.1354e-08  1.0149e+00
313.383  6.1927e-08  7.2101e+02  6.1399e-08  1.0086e+00
313.448  6.2547e-08  7.2101e+02  6.1954e-08  1.0096e+00
313.513  6.1399e-08  7.2101e+02  6.0822e-08  1.0095e+00
313.578  6.1202e-08  6.9118e+02  6.0762e-08  1.0072e+00
313.643  6.2877e-08  7.6575e+02  6.2449e-08  1.0069e+00
313.708  6.6163e-08  8.2540e+02  6.6062e-08  1.0015e+00
313.773  7.1877e-08  8.7014e+02  7.1846e-08  1.0004e+00
313.838  7.5342e-08  8.7014e+02  7.4998e-08  1.0046e+00
313.902  7.7399e-08  8.7014e+02  7.6917e-08  1.0063e+00
313.967  8.0906e-08  8.7014e+02  8.0710e-08  1.0024e+00
314.032  8.6143e-08  9.8279e+02  8.5943e-08  1.0023e+00
314.097  8.9313e-08  1.0391e+03  8.8901e-08  1.0046e+00
314.162  8.9436e-08  1.0391e+03  8.8478e-08  1.0108e+00
314.227  8.6012e-08  9.8279e+02  8.4286e-08  1.0205e+00
314.292  7.9263e-08  8.7014e+02  7.6918e-08  1.0305e+00
314.357  7.4544e-08  8.7014e+02  7.2294e-08  1.0311e+00
314.422  7.1677e-08  8.7014e+02  6.9544e-08  1.0307e+00
314.487  6.9791e-08  8.4032e+02  6.7961e-08  1.0269e+00
314.552  6.8500e-08  8.2540e+02  6.6745e-08  1.0263e+00
314.617  6.6819e-08  7.8066e+02  6.5707e-08  1.0169e+00
314.682  6.9252e-08  8.5523e+02  6.9029e-08  1.0032e+00
314.747  7.8233e-08  8.7014e+02  7.8836e-08  9.9235e-01
314.812  8.9356e-08  9.6402e+02  8.9390e-08  9.9962e-01
314.876  9.4269e-08  1.0016e+03  9.3641e-08  1.0067e+00
314.941  9.6286e-08  1.0391e+03  9.5275e-08  1.0106e+00
315.006  9.7601e-08  1.0391e+03  9.6614e-08  1.0102e+00
315.071  1.0098e-07  1.0954e+03  9.9766e-08  1.0122e+00
315.136  1.0252e-07  1.0954e+03  1.0108e-07  1.0143e+00
315.201  1.0301e-07  1.0954e+03  1.0104e-07  1.0195e+00
315.266  1.0038e-07  1.0203e+03  9.8524e-08  1.0188e+00
315.331  9.6606e-08  9.8279e+02  9.4780e-08  1.0193e+00
315.396  9.5124e-08  9.0769e+02  9.3511e-08  1.0172e+00
315.461  9.2631e-08  8.7014e+02  9.0938e-08  1.0186e+00
315.526  8.9938e-08  8.7014e+02  8.8141e-08  1.0204e+00
315.591  8.5983e-08  8.7014e+02  8.3732e-08  1.0269e+00
315.656  7.9452e-08  8.7014e+02  7.7358e-08  1.0271e+00
315.721  7.3419e-08  7.8066e+02  7.1517e-08  1.0266e+00
315.785  6.9428e-08  6.9118e+02  6.7976e-08  1.0214e+00
315.850  6.7295e-08  6.9118e+02  6.6041e-08  1.0190e+00
315.915  6.5435e-08  6.9118e+02  6.4571e-08  1.0134e+00
315.980  6.2736e-08  6.9118e+02  6.2308e-08  1.0069e+00
316.045  6.3291e-08  6.9118e+02  6.3635e-08  9.9460e-01
316.110  6.8045e-08  6.9118e+02  6.8128e-08  9.9879e-01
316.175  7.3634e-08  7.9557e+02  7.3867e-08  9.9685e-01
316.240  8.3643e-08  8.7014e+02  8.3669e-08  9.9969e-01
316.305  8.8789e-08  8.7014e+02  8.8296e-08  1.0056e+00
316.370  9.1889e-08  8.7014e+02  9.1402e-08  1.0053e+00
316.435  9.8405e-08  9.6402e+02  9.8152e-08  1.0026e+00
316.500  1.0405e-07  1.0954e+03  1.0331e-07  1.0072e+00
316.565  1.0639e-07  1.0954e+03  1.0633e-07  1.0006e+00
316.630  1.1388e-07  1.0954e+03  1.1344e-07  1.0038e+00
316.695  1.1392e-07  1.0954e+03  1.1300e-07  1.0081e+00
316.759  1.1310e-07  1.0954e+03  1.1237e-07  1.0065e+00
316.824  1.1446e-07  1.0954e+03  1.1416e-07  1.0027e+00
316.889  1.1652e-07  1.0954e+03  1.1644e-07  1.0007e+00
316.954  1.2060e-07  1.0954e+03  1.2144e-07  9.9306e-01
317.019  1.2737e-07  1.1900e+03  1.2751e-07  9.9888e-01
317.084  1.2649e-07  1.1191e+03  1.2662e-07  9.9897e-01
317.149  1.3150e-07  1.2609e+03  1.3230e-07  9.9396e-01
317.214  1.3732e-07  1.3082e+03  1.3797e-07  9.9528e-01
317.279  1.4256e-07  1.3791e+03  1.4294e-07  9.9738e-01
317.344  1.4391e-07  1.3554e+03  1.4382e-07  1.0006e+00
317.409  1.4068e-07  1.3554e+03  1.4026e-07  1.0030e+00
317.474  1.3736e-07  1.3082e+03  1.3753e-07  9.9879e-01
317.539  1.3815e-07  1.3082e+03  1.3853e-07  9.9726e-01
317.604  1.3827e-07  1.3082e+03  1.3826e-07  1.0001e+00
317.668  1.3344e-07  1.2845e+03  1.3326e-07  1.0013e+00
317.733  1.2892e-07  1.1191e+03  1.2863e-07  1.0023e+00
317.798  1.2306e-07  1.0954e+03  1.2227e-07  1.0065e+00
317.863  1.1847e-07  1.0954e+03  1.1777e-07  1.0059e+00
317.928  1.1315e-07  1.0954e+03  1.1233e-07  1.0073e+00
317.993  1.0597e-07  1.0391e+03  1.0528e-07  1.0066e+00
318.058  9.6168e-08  9.2647e+02  9.5984e-08  1.0019e+00
318.123  9.4153e-08  8.7014e+02  9.4810e-08  9.9307e-01
318.188  9.3902e-08  8.7014e+02  9.4495e-08  9.9373e-01
318.253  9.6665e-08  9.0769e+02  9.8245e-08  9.8392e-01
318.318  1.0417e-07  1.0391e+03  1.0506e-07  9.9150e-01
318.383  1.0862e-07  1.0391e+03  1.0945e-07  9.9246e-01
318.448  1.1589e-07  1.0954e+03  1.1690e-07  9.9132e-01
318.512  1.2530e-07  1.0954e+03  1.2606e-07  9.9401e-01
318.577  1.3086e-07  1.0954e+03  1.3109e-07  9.9824e-01
318.642  1.3701e-07  1.1900e+03  1.3740e-07  9.9717e-01
318.707  1.4236e-07  1.2609e+03  1.4207e-07  1.0020e+00
318.772  1.4836e-07  1.3082e+03  1.4889e-07  9.9642e-01
318.837  1.6325e-07  1.3791e+03  1.6338e-07  9.9920e-01
318.902  1.7047e-07  1.3791e+03  1.6942e-07  1.0062e+00
318.967  1.7036e-07  1.3791e+03  1.6895e-07  1.0084e+00
319.032  1.7043e-07  1.3791e+03  1.6875e-07  1.0100e+00
319.097  1.6616e-07  1.3791e+03  1.6358e-07  1.0158e+00
319.162  1.5690e-07  1.3791e+03  1.5456e-07  1.0151e+00
319.227  1.4805e-07  1.3082e+03  1.4565e-07  1.0165e+00
319.292  1.3331e-07  1.0954e+03  1.3179e-07  1.0115e+00
319.356  1.2143e-07  1.0954e+03  1.2130e-07  1.0011e+00
319.421  1.1730e-07  1.0954e+03  1.1827e-07  9.9176e-01
319.486  1.1621e-07  1.0954e+03  1.1737e-07  9.9015e-01
319.551  1.1880e-07  1.0954e+03  1.2018e-07  9.8851e-01
319.616  1.2416e-07  1.0954e+03  1.2535e-07  9.9048e-01
319.681  1.3259e-07  1.0954e+03  1.3412e-07  9.8857e-01
319.746  1.4214e-07  1.0954e+03  1.4372e-07  9.8904e-01
319.811  1.4988e-07  1.2373e+03  1.5074e-07  9.9428e-01
319.876  1.4893e-07  1.0954e+03  1.4919e-07  9.9827e-01
319.941  1.4606e-07  1.0954e+03  1.4676e-07  9.9523e-01
320.006  1.4899e-07  1.0954e+03  1.5075e-07  9.8834e-01
320.071  1.5658e-07  1.1664e+03  1.5864e-07  9.8704e-01
320.136  1.5558e-07  1.1427e+03  1.5686e-07  9.9182e-01
320.200  1.5053e-07  1.0954e+03  1.5221e-07  9.8896e-01
320.265  1.5214e-07  1.0954e+03  1.5505e-07  9.8122e-01
320.330  1.6428e-07  1.3082e+03  1.6826e-07  9.7636e-01
320.395  1.7608e-07  1.3791e+03  1.7950e-07  9.8095e-01
320.460  1.7976e-07  1.3791e+03  1.8286e-07  9.8305e-01
320.525  1.8413e-07  1.3791e+03  1.8734e-07  9.8285e-01
320.590  1.9309e-07  1.3791e+03  1.9687e-07  9.8079e-01
320.655  2.0242e-07  1.3791e+03  2.0555e-07  9.8478e-01
320.720  2.0242e-07  1.3791e+03  2.0460e-07  9.8932e-01
320.785  1.9569e-07  1.3791e+03  1.9719e-07  9.9240e-01
320.850  1.9277e-07  1.3791e+03  1.9517e-07  9.8769e-01
320.915  1.9296e-07  1.3791e+03  1.9373e-07  9.9600e-01
320.979  1.8330e-07  1.3791e+03  1.8386e-07  9.9695e-01
321.044  1.7486e-07  1.3791e+03  1.7496e-07  9.9942e-01
321.109  1.6244e-07  1.2845e+03  1.6336e-07  9.9438e-01
321.174  1.5881e-07  1.2373e+03  1.6009e-07  9.9201e-01
321.239  1.5468e-07  1.0954e+03  1.5591e-07  9.9212e-01
321.304  1.4704e-07  1.0954e+03  1.4790e-07  9.9419e-01
321.369  1.4493e-07  1.0954e+03  1.4737e-07  9.8346e-01
321.434  1.4979e-07  1.0954e+03  1.5223e-07  9.8400e-01
321.499  1.5515e-07  1.0954e+03  1.5805e-07  9.8167e-01
321.564  1.6024e-07  1.0954e+03  1.6147e-07  9.9240e-01
321.629  1.5780e-07  1.0954e+03  1.5962e-07  9.8858e-01
321.693  1.6736e-07  1.1664e+03  1.6983e-07  9.8545e-01
321.758  1.8103e-07  1.3082e+03  1.8390e-07  9.8439e-01
321.823  1.8626e-07  1.3791e+03  1.8739e-07  9.9398e-01
321.888  1.8223e-07  1.2845e+03  1.8342e-07  9.9349e-01
321.953  1.8323e-07  1.2845e+03  1.8424e-07  9.9451e-01
322.018  1.8594e-07  1.2609e+03  1.8673e-07  9.9578e-01
322.083  1.8379e-07  1.2373e+03  1.8331e-07  1.0026e+00
322.148  1.7557e-07  1.0954e+03  1.7443e-07  1.0065e+00
322.213  1.6410e-07  1.0954e+03  1.6304e-07  1.0065e+00
322.278  1.6354e-07  1.0954e+03  1.6396e-07  9.9745e-01
322.343  1.6997e-07  1.0954e+03  1.6964e-07  1.0019e+00
322.408  1.6346e-07  1.0954e+03  1.6250e-07  1.0059e+00
322.472  1.5413e-07  1.0954e+03  1.5346e-07  1.0043e+00
322.537  1.5444e-07  1.0954e+03  1.5459e-07  9.9902e-01
322.602  1.5565e-07  1.0954e+03  1.5549e-07  1.0010e+00
322.667  1.5341e-07  1.0954e+03  1.5231e-07  1.0072e+00
322.732  1.4361e-07  9.8279e+02  1.4195e-07  1.0117e+00
322.797  1.3236e-07  8.7014e+02  1.3143e-07  1.0071e+00
322.862  1.2685e-07  8.7014e+02  1.2651e-07  1.0027e+00
322.927  1.2984e-07  8.7014e+02  1.3047e-07  9.9520e-01
322.992  1.3474e-07  8.7014e+02  1.3536e-07  9.9542e-01
323.057  1.4182e-07  9.6402e+02  1.4330e-07  9.8967e-01
323.121  1.5452e-07  1.0954e+03  1.5576e-07  9.9207e-01
323.186  1.6398e-07  1.0954e+03  1.6448e-07  9.9698e-01
323.251  1.7388e-07  1.0954e+03  1.7348e-07  1.0023e+00
323.316  1.7834e-07  1.0954e+03  1.7695e-07  1.0079e+00
323.381  1.8096e-07  1.0954e+03  1.7886e-07  1.0117e+00
323.446  1.8827e-07  1.0954e+03  1.8581e-07  1.0132e+00
323.511  1.8666e-07  1.0954e+03  1.8198e-07  1.0257e+00
323.576  1.7712e-07  1.0954e+03  1.7349e-07  1.0209e+00
323.641  1.8140e-07  1.0954e+03  1.7868e-07  1.0152e+00
323.706  1.8671e-07  1.0954e+03  1.8488e-07  1.0099e+00
323.770  1.9630e-07  1.1427e+03  1.9359e-07  1.0140e+00
323.835  1.9640e-07  1.0954e+03  1.9385e-07  1.0132e+00
323.900  2.0049e-07  1.1427e+03  1.9817e-07  1.0117e+00
323.965  2.1082e-07  1.2373e+03  2.0985e-07  1.0046e+00
324.030  2.2328e-07  1.3082e+03  2.2141e-07  1.0084e+00
324.095  2.2032e-07  1.3082e+03  2.1813e-07  1.0100e+00
324.160  2.1948e-07  1.3082e+03  2.1644e-07  1.0140e+00
324.225  2.1800e-07  1.2609e+03  2.1626e-07  1.0081e+00
324.290  2.2458e-07  1.3082e+03  2.2281e-07  1.0079e+00
324.355  2.2366e-07  1.3082e+03  2.2213e-07  1.0069e+00
324.419  2.2133e-07  1.3082e+03  2.1970e-07  1.0074e+00
324.484  2.2132e-07  1.2609e+03  2.2076e-07  1.0026e+00
324.549  2.2917e-07  1.3082e+03  2.2803e-07  1.0050e+00
324.614  2.2093e-07  1.2373e+03  2.1909e-07  1.0084e+00
324.679  2.1485e-07  1.0954e+03  2.1303e-07  1.0085e+00
324.744  2.0998e-07  1.0954e+03  2.0818e-07  1.0086e+00
324.809  2.0449e-07  1.0954e+03  2.0164e-07  1.0142e+00
324.874  1.9704e-07  1.0954e+03  1.9472e-07  1.0119e+00
324.939  1.8749e-07  1.0954e+03  1.8479e-07  1.0146e+00
325.003  1.7624e-07  1.0954e+03  1.7497e-07  1.0072e+00
325.068  1.8073e-07  1.0954e+03  1.8029e-07  1.0024e+00
325.133  1.8850e-07  1.0954e+03  1.8861e-07  9.9942e-01
325.198  1.9729e-07  1.0954e+03  1.9774e-07  9.9773e-01
325.263  2.0287e-07  1.0954e+03  2.0290e-07  9.9984e-01
325.328  2.0071e-07  1.0954e+03  2.0071e-07  1.0000e+00
325.393  2.1320e-07  1.0954e+03  2.1420e-07  9.9535e-01
325.458  2.2766e-07  1.2609e+03  2.2710e-07  1.0025e+00
325.522  2.3591e-07  1.3082e+03  2.3579e-07  1.0005e+00
325.587  2.4275e-07  1.3791e+03  2.4236e-07  1.0016e+00
325.652  2.4646e-07  1.3791e+03  2.4667e-07  9.9913e-01
325.717  2.5451e-07  1.3791e+03  2.5583e-07  9.9483e-01
325.782  2.7113e-07  1.3791e+03  2.7311e-07  9.9275e-01
325.847  2.8006e-07  1.3791e+03  2.8096e-07  9.9679e-01
325.912  2.8088e-07  1.3791e+03  2.8273e-07  9.9344e-01
325.977  2.8965e-07  1.3791e+03  2.9096e-07  9.9549e-01
326.042  2.8871e-07  1.3791e+03  2.9028e-07  9.9461e-01
326.106  2.9457e-07  1.3791e+03  2.9642e-07  9.9376e-01
326.171  3.0353e-07  1.4981e+03  3.0507e-07  9.9496e-01
326.236  3.0467e-07  1.5576e+03  3.0544e-07  9.9747e-01
326.301  2.9702e-07  1.3791e+03  2.9809e-07  9.9641e-01
326.366  2.8899e-07  1.3791e+03  2.8973e-07  9.9743e-01
326.431  2.7918e-07  1.3791e+03  2.8087e-07  9.9398e-01
326.496  2.8560e-07  1.3791e+03  2.8834e-07  9.9051e-01
326.561  2.9287e-07  1.3791e+03  2.9487e-07  9.9321e-01
326.625  2.9032e-07  1.3791e+03  2.9219e-07  9.9359e-01
326.690  2.9302e-07  1.3791e+03  2.9546e-07  9.9174e-01
326.755  3.0100e-07  1.4088e+03  3.0358e-07  9.9149e-01
326.820  3.1151e-07  1.5576e+03  3.1425e-07  9.9129e-01
326.885  3.1885e-07  1.5576e+03  3.2089e-07  9.9365e-01
326.950  3.1647e-07  1.5279e+03  3.1705e-07  9.9817e-01
327.015  3.0273e-07  1.3791e+03  3.0224e-07  1.0016e+00
327.079  2.8944e-07  1.3791e+03  2.8939e-07  1.0002e+00
327.144  2.8415e-07  1.3791e+03  2.8423e-07  9.9971e-01
327.209  2.8111e-07  1.3791e+03  2.8110e-07  1.0000e+00
327.274  2.7757e-07  1.3791e+03  2.7677e-07  1.0029e+00
327.339  2.7401e-07  1.3791e+03  2.7376e-07  1.0009e+00
327.404  2.7967e-07  1.3791e+03  2.7959e-07  1.0003e+00
327.469  2.8829e-07  1.3791e+03  2.8828e-07  1.0000e+00
327.533  2.9233e-07  1.3791e+03  2.9141e-07  1.0032e+00
327.598  2.8762e-07  1.3791e+03  2.8640e-07  1.0042e+00
327.663  2.8105e-07  1.3791e+03  2.7994e-07  1.0040e+00
327.728  2.7857e-07  1.3791e+03  2.7776e-07  1.0029e+00
327.793  2.7223e-07  1.3791e+03  2.7056e-07  1.0062e+00
327.858  2.5661e-07  1.3791e+03  2.5514e-07  1.0058e+00
327.923  2.4687e-07  1.3082e+03  2.4626e-07  1.0025e+00
327.987  2.4617e-07  1.3082e+03  2.4602e-07  1.0006e+00
328.052  2.5051e-07  1.3554e+03  2.4976e-07  1.0030e+00
328.117  2.4732e-07  1.3082e+03  2.4607e-07  1.0051e+00
328.182  2.4230e-07  1.3082e+03  2.4153e-07  1.0032e+00
328.247  2.5004e-07  1.3082e+03  2.5007e-07  9.9990e-01
328.312  2.6237e-07  1.3791e+03  2.6121e-07  1.0045e+00
328.377  2.6589e-07  1.3791e+03  2.6417e-07  1.0065e+00
328.441  2.6789e-07  1.3082e+03  2.6564e-07  1.0085e+00
328.506  2.6828e-07  1.3082e+03  2.6558e-07  1.0102e+00
328.571  2.6201e-07  1.3082e+03  2.5840e-07  1.0140e+00
328.636  2.6211e-07  1.2609e+03  2.5871e-07  1.0131e+00
328.701  2.6156e-07  1.2373e+03  2.5685e-07  1.0183e+00
328.766  2.5391e-07  1.0954e+03  2.5126e-07  1.0106e+00
328.830  2.5934e-07  1.1427e+03  2.5721e-07  1.0083e+00
328.895  2.7286e-07  1.2845e+03  2.7057e-07  1.0085e+00
328.960  2.8406e-07  1.3082e+03  2.8126e-07  1.0099e+00
329.025  3.0378e-07  1.3554e+03  3.0220e-07  1.0052e+00
329.090  3.1734e-07  1.3791e+03  3.1495e-07  1.0076e+00
329.155  3.2593e-07  1.3791e+03  3.2452e-07  1.0044e+00
329.219  3.4107e-07  1.3791e+03  3.3855e-07  1.0074e+00
329.284  3.5156e-07  1.3791e+03  3.4847e-07  1.0089e+00
329.349  3.5214e-07  1.3791e+03  3.4744e-07  1.0135e+00
329.414  3.4903e-07  1.3791e+03  3.4581e-07  1.0093e+00
329.479  3.5019e-07  1.3791e+03  3.4691e-07  1.0095e+00
329.544  3.5447e-07  1.3791e+03  3.5214e-07  1.0066e+00
329.608  3.6166e-07  1.3791e+03  3.5850e-07  1.0088e+00
329.673  3.6165e-07  1.3791e+03  3.5779e-07  1.0108e+00
329.738  3.5316e-07  1.3791e+03  3.4891e-07  1.0122e+00
329.803  3.4739e-07  1.3791e+03  3.4496e-07  1.0070e+00
329.868  3.5221e-07  1.3791e+03  3.4998e-07  1.0064e+00
329.933  3.6662e-07  1.3791e+03  3.6427e-07  1.0064e+00
329.997  3.7457e-07  1.3791e+03  3.7086e-07  1.0100e+00
330.062  3.6516e-07  1.3791e+03  3.6516e-07  1.0000e+00
330.127  3.5346e-07  1.3791e+03  3.5346e-07  1.0000e+00
330.192  3.4819e-07  1.3791e+03  3.4819e-07  1.0000e+00
330.257  3.4251e-07  1.3791e+03  3.4251e-07  1.0000e+00
330.321  3.3381e-07  1.3082e+03  3.3381e-07  1.0000e+00
330.386  3.1267e-07  1.2373e+03  3.1267e-07  1.0000e+00
330.451  2.9308e-07  1.0954e+03  2.9308e-07  1.0000e+00
330.516  2.7062e-07  1.0954e+03  2.7062e-07  1.0000e+00
330.581  2.6495e-07  1.0954e+03  2.6495e-07  1.0000e+00
330.646  2.6720e-07  1.0954e+03  2.6720e-07  1.0000e+00
330.710  2.6485e-07  1.0954e+03  2.6485e-07  1.0000e+00
330.775  2.6353e-07  1.0954e+03  2.6353e-07  1.0000e+00
330.840  2.6506e-07  1.0954e+03  2.6506e-07  1.0000e+00
330.905  2.6547e-07  1.0954e+03  2.6547e-07  1.0000e+00
330.970  2.7829e-07  1.0954e+03  2.7829e-07  1.0000e+00
331.034  2.9114e-07  1.0954e+03  2.9114e-07  1.0000e+00
331.099  2.9139e-07  1.0954e+03  2.9139e-07  1.0000e+00
331.164  2.8540e-07  1.0954e+03  2.8540e-07  1.0000e+00
331.229  2.8383e-07  1.0579e+03  2.8383e-07  1.0000e+00
331.294  2.7615e-07  1.0391e+03  2.7615e-07  1.0000e+00
331.358  2.7132e-07  1.0016e+03  2.7132e-07  1.0000e+00
