  497    3
     -23.3631     143.8376      10.7155      65.0831     -78.1056      74.1227
266.863  1.4146e-10  8.0857e+00  1.4146e-10  1.0000e+00
266.928  1.2725e-10  7.4906e+00  1.2725e-10  1.0000e+00
266.993  1.2809e-10  7.6130e+00  1.2809e-10  1.0000e+00
267.058  1.5505e-10  8.3622e+00  1.5505e-10  1.0000e+00
267.123  1.5027e-10  8.0857e+00  1.5027e-10  1.0000e+00
267.188  1.1162e-10  6.4227e+00  1.1162e-10  1.0000e+00
267.253  1.3395e-10  7.7670e+00  1.3395e-10  1.0000e+00
267.318  1.5509e-10  8.6808e+00  1.5509e-10  1.0000e+00
267.383  1.5786e-10  9.4300e+00  1.5786e-10  1.0000e+00
267.448  1.5151e-10  8.0857e+00  1.5151e-10  1.0000e+00
267.513  1.8818e-10  1.0929e+01  1.8818e-10  1.0000e+00
267.578  1.6381e-10  8.6808e+00  1.6381e-10  1.0000e+00
267.643  1.5076e-10  8.0857e+00  1.5076e-10  1.0000e+00
267.708  1.4682e-10  8.0857e+00  1.4682e-10  1.0000e+00
267.773  1.7516e-10  1.0179e+01  1.7516e-10  1.0000e+00
267.837  1.5760e-10  8.2398e+00  1.5760e-10  1.0000e+00
267.902  1.6361e-10  8.6808e+00  1.6361e-10  1.0000e+00
267.967  1.2978e-10  7.4906e+00  1.2978e-10  1.0000e+00
268.032  1.3317e-10  8.0857e+00  1.3317e-10  1.0000e+00
268.097  1.2111e-10  6.9392e+00  1.2111e-10  1.0000e+00
268.162  1.4885e-10  9.3054e+00  1.4885e-10  1.0000e+00
268.227  1.3560e-10  8.0857e+00  1.3560e-10  1.0000e+00
268.292  1.5768e-10  8.8349e+00  1.5768e-10  1.0000e+00
268.357  1.6154e-10  9.4300e+00  1.6154e-10  1.0000e+00
268.422  1.3360e-10  8.0857e+00  1.3360e-10  1.0000e+00
268.487  1.5848e-10  9.7781e+00  1.5848e-10  1.0000e+00
268.552  1.5095e-10  8.6808e+00  1.5095e-10  1.0000e+00
268.617  1.1926e-10  7.0178e+00  1.1926e-10  1.0000e+00
268.682  1.5296e-10  8.8349e+00  1.5296e-10  1.0000e+00
268.747  1.2856e-10  7.4906e+00  1.2856e-10  1.0000e+00
268.812  1.1632e-10  6.8954e+00  1.1632e-10  1.0000e+00
268.877  1.1889e-10  6.8563e+00  1.1889e-10  1.0000e+00
268.942  1.3492e-10  7.4906e+00  1.3492e-10  1.0000e+00
269.007  1.3545e-10  7.4906e+00  1.3545e-10  1.0000e+00
269.072  1.3269e-10  8.0857e+00  1.3269e-10  1.0000e+00
269.137  1.2835e-10  8.0857e+00  1.2835e-10  1.0000e+00
269.202  1.0980e-10  6.0472e+00  1.0980e-10  1.0000e+00
269.267  1.5657e-10  8.0857e+00  1.5657e-10  1.0000e+00
269.332  1.4475e-10  8.2398e+00  1.4475e-10  1.0000e+00
269.397  1.1690e-10  6.5451e+00  1.1690e-10  1.0000e+00
269.462  1.1864e-10  6.8954e+00  1.1864e-10  1.0000e+00
269.527  1.1647e-10  6.3440e+00  1.1647e-10  1.0000e+00
269.592  1.3003e-10  7.0178e+00  1.3003e-10  1.0000e+00
269.657  1.4006e-10  8.0857e+00  1.4006e-10  1.0000e+00
269.722  1.1677e-10  6.8954e+00  1.1677e-10  1.0000e+00
269.787  1.1627e-10  6.6423e+00  1.1627e-10  1.0000e+00
269.852  1.2931e-10  7.0178e+00  1.2931e-10  1.0000e+00
269.917  1.5803e-10  8.8349e+00  1.5803e-10  1.0000e+00
269.982  1.7458e-10  1.0179e+01  1.7458e-10  1.0000e+00
270.047  1.5890e-10  8.8349e+00  1.5604e-10  1.0184e+00
270.112  1.3930e-10  6.8954e+00  1.2814e-10  1.0871e+00
270.177  1.7600e-10  9.5841e+00  1.7264e-10  1.0195e+00
270.242  1.7321e-10  9.5841e+00  1.7400e-10  9.9546e-01
270.307  1.8646e-10  1.1122e+01  1.9020e-10  9.8035e-01
270.372  1.6648e-10  9.4300e+00  1.5801e-10  1.0536e+00
270.437  1.4750e-10  7.4906e+00  1.3583e-10  1.0859e+00
270.502  1.5868e-10  8.8349e+00  1.4465e-10  1.0970e+00
270.567  1.7696e-10  1.0929e+01  1.6979e-10  1.0422e+00
270.632  1.6165e-10  9.4300e+00  1.5343e-10  1.0536e+00
270.697  1.6190e-10  8.6808e+00  1.5125e-10  1.0704e+00
270.762  1.3470e-10  7.4906e+00  1.2195e-10  1.1045e+00
270.827  1.5556e-10  8.8349e+00  1.5196e-10  1.0237e+00
270.892  1.5215e-10  9.5841e+00  1.6590e-10  9.1711e-01
270.957  1.5894e-10  1.0179e+01  1.6906e-10  9.4013e-01
271.022  1.4624e-10  8.0857e+00  1.4531e-10  1.0064e+00
271.087  1.5176e-10  8.6808e+00  1.5150e-10  1.0017e+00
271.152  1.5897e-10  9.4300e+00  1.6349e-10  9.7236e-01
271.217  1.6789e-10  1.0179e+01  1.6633e-10  1.0094e+00
271.282  1.5836e-10  8.6808e+00  1.5732e-10  1.0066e+00
271.347  1.6358e-10  1.0179e+01  1.7435e-10  9.3824e-01
271.412  1.4918e-10  8.0857e+00  1.5072e-10  9.8979e-01
271.477  1.3893e-10  7.4906e+00  1.3136e-10  1.0576e+00
271.542  1.4633e-10  8.0857e+00  1.3852e-10  1.0564e+00
271.607  1.4072e-10  6.8954e+00  1.3442e-10  1.0469e+00
271.672  1.3352e-10  7.4906e+00  1.3602e-10  9.8158e-01
271.737  1.2631e-10  7.4906e+00  1.3872e-10  9.1054e-01
271.802  1.2008e-10  7.6130e+00  1.3694e-10  8.7685e-01
271.867  1.1997e-10  7.2374e+00  1.3330e-10  9.0001e-01
271.932  1.0312e-10  6.0472e+00  1.1059e-10  9.3243e-01
271.997  9.0006e-11  5.2762e+00  9.2446e-11  9.7361e-01
272.062  8.3390e-11  4.6637e+00  8.1236e-11  1.0265e+00
272.127  7.0607e-11  3.8533e+00  7.0708e-11  9.9858e-01
272.192  1.1565e-10  7.6130e+00  1.3884e-10  8.3296e-01
272.257  8.6923e-11  4.7262e+00  8.5474e-11  1.0170e+00
272.322  1.1028e-10  6.4227e+00  1.1386e-10  9.6859e-01
272.387  1.0632e-10  5.9500e+00  1.0561e-10  1.0067e+00
272.452  1.1343e-10  6.6423e+00  1.0897e-10  1.0409e+00
272.517  1.0683e-10  5.9500e+00  1.0175e-10  1.0499e+00
272.582  1.3203e-10  8.8349e+00  1.4120e-10  9.3503e-01
272.647  1.0913e-10  6.1696e+00  1.0809e-10  1.0096e+00
272.712  1.2363e-10  7.4906e+00  1.2786e-10  9.6694e-01
272.777  1.3372e-10  8.0857e+00  1.4126e-10  9.4665e-01
272.842  1.5387e-10  1.0179e+01  1.6530e-10  9.3088e-01
272.907  1.5970e-10  8.8349e+00  1.6323e-10  9.7839e-01
272.972  1.5945e-10  9.4300e+00  1.5432e-10  1.0333e+00
273.037  1.5417e-10  8.8349e+00  1.4524e-10  1.0615e+00
273.102  1.7277e-10  9.4300e+00  1.7036e-10  1.0141e+00
273.167  1.7303e-10  9.4300e+00  1.6563e-10  1.0446e+00
273.232  1.5420e-10  8.6808e+00  1.4525e-10  1.0616e+00
273.297  1.4570e-10  7.4906e+00  1.4428e-10  1.0098e+00
273.362  1.4092e-10  8.2398e+00  1.4247e-10  9.8909e-01
273.427  1.2788e-10  7.4906e+00  1.2711e-10  1.0060e+00
273.492  1.3607e-10  8.8349e+00  1.4586e-10  9.3286e-01
273.557  1.1666e-10  6.4227e+00  1.1329e-10  1.0297e+00
273.622  9.3529e-11  5.0393e+00  9.0491e-11  1.0336e+00
273.687  1.2215e-10  6.8954e+00  1.3397e-10  9.1176e-01
273.752  1.0976e-10  6.4227e+00  1.1773e-10  9.3227e-01
273.817  9.8046e-11  5.2762e+00  9.6639e-11  1.0146e+00
273.882  8.4508e-11  4.7262e+00  8.3379e-11  1.0135e+00
273.947  9.6133e-11  6.6423e+00  1.1291e-10  8.5141e-01
274.012  7.7267e-11  4.1910e+00  7.3617e-11  1.0496e+00
274.077  8.4951e-11  3.5523e+00  8.3059e-11  1.0228e+00
274.142  9.1872e-11  5.9500e+00  1.1107e-10  8.2716e-01
274.207  7.8388e-11  4.9007e+00  8.4588e-11  9.2670e-01
274.272  6.8076e-11  3.7542e+00  6.5884e-11  1.0333e+00
274.337  7.6558e-11  4.5665e+00  7.9196e-11  9.6669e-01
274.402  9.6129e-11  6.9392e+00  1.1562e-10  8.3142e-01
274.467  7.2087e-11  3.8155e+00  7.2369e-11  9.9610e-01
274.532  7.8938e-11  5.1989e+00  8.8241e-11  8.9457e-01
274.597  9.0633e-11  6.4227e+00  1.0952e-10  8.2755e-01
274.662  8.3796e-11  5.4772e+00  9.3805e-11  8.9330e-01
274.727  8.0932e-11  4.7262e+00  7.8873e-11  1.0261e+00
274.792  8.0306e-11  4.5665e+00  7.9869e-11  1.0055e+00
274.858  7.9211e-11  5.5745e+00  9.6743e-11  8.1877e-01
274.923  9.6215e-11  7.0178e+00  1.1698e-10  8.2249e-01
274.988  7.8052e-11  3.7542e+00  8.8300e-11  8.8394e-01
275.053  1.0065e-10  5.4772e+00  1.2446e-10  8.0866e-01
275.118  1.1021e-10  5.1017e+00  1.1647e-10  9.4627e-01
275.183  1.0460e-10  6.1696e+00  1.0204e-10  1.0251e+00
275.248  9.9201e-11  5.1017e+00  8.9743e-11  1.1054e+00
275.313  1.2104e-10  7.6130e+00  1.1895e-10  1.0176e+00
275.378  1.3354e-10  8.6808e+00  1.3983e-10  9.5501e-01
275.443  1.2283e-10  8.0857e+00  1.3402e-10  9.1647e-01
275.508  1.2764e-10  8.7359e+00  1.4092e-10  9.0580e-01
275.573  1.1980e-10  8.3622e+00  1.3522e-10  8.8597e-01
275.638  8.3408e-11  5.4772e+00  8.6221e-11  9.6737e-01
275.703  1.1540e-10  8.8349e+00  1.3549e-10  8.5169e-01
275.768  1.2990e-10  8.3622e+00  1.4062e-10  9.2379e-01
275.833  1.3425e-10  8.0857e+00  1.3714e-10  9.7893e-01
275.898  1.5294e-10  9.7781e+00  1.5925e-10  9.6036e-01
275.963  1.7487e-10  1.1122e+01  1.7935e-10  9.7500e-01
276.028  1.8232e-10  1.0929e+01  1.8257e-10  9.9861e-01
276.093  1.8156e-10  1.0179e+01  1.7899e-10  1.0143e+00
276.158  1.4890e-10  8.2398e+00  1.4130e-10  1.0538e+00
276.223  1.7944e-10  1.1122e+01  1.8307e-10  9.8018e-01
276.288  1.4096e-10  8.0857e+00  1.3947e-10  1.0107e+00
276.353  1.8572e-10  1.1872e+01  2.0302e-10  9.1477e-01
276.418  1.5753e-10  8.6808e+00  1.6151e-10  9.7539e-01
276.483  2.2523e-10  1.3758e+01  2.3658e-10  9.5203e-01
276.548  1.7145e-10  1.0179e+01  1.6723e-10  1.0252e+00
276.613  2.1360e-10  1.2815e+01  2.1943e-10  9.7342e-01
276.678  2.0504e-10  1.2815e+01  2.1024e-10  9.7526e-01
276.743  1.7208e-10  9.4300e+00  1.6703e-10  1.0302e+00
276.808  1.7659e-10  1.0179e+01  1.7839e-10  9.8991e-01
276.873  1.7756e-10  1.2066e+01  1.9000e-10  9.3452e-01
276.938  1.6870e-10  1.0179e+01  1.8069e-10  9.3366e-01
277.003  1.7403e-10  1.0179e+01  1.7705e-10  9.8292e-01
277.068  1.8424e-10  1.1872e+01  1.9442e-10  9.4764e-01
277.133  1.7787e-10  1.0179e+01  1.8571e-10  9.5777e-01
277.198  1.7810e-10  1.0179e+01  1.7673e-10  1.0077e+00
277.263  2.0247e-10  1.2815e+01  2.0689e-10  9.7862e-01
277.328  1.7227e-10  9.4300e+00  1.6644e-10  1.0350e+00
277.393  2.0734e-10  1.3758e+01  2.1749e-10  9.5333e-01
277.458  1.8794e-10  1.1872e+01  1.9134e-10  9.8221e-01
277.523  1.9408e-10  1.2815e+01  1.9980e-10  9.7138e-01
277.588  1.7833e-10  1.0179e+01  1.7672e-10  1.0091e+00
277.653  1.7924e-10  1.0929e+01  1.7987e-10  9.9651e-01
277.718  1.5991e-10  9.7781e+00  1.5934e-10  1.0036e+00
277.783  1.5673e-10  1.0055e+01  1.5935e-10  9.8356e-01
277.848  1.3853e-10  8.0857e+00  1.3824e-10  1.0021e+00
277.913  1.3159e-10  7.9867e+00  1.3378e-10  9.8364e-01
277.978  1.3251e-10  8.0857e+00  1.4025e-10  9.4484e-01
278.043  1.2603e-10  8.0857e+00  1.3515e-10  9.3248e-01
278.108  1.1869e-10  7.4906e+00  1.2499e-10  9.4962e-01
278.173  1.2896e-10  8.2398e+00  1.4338e-10  8.9945e-01
278.238  1.2375e-10  7.7670e+00  1.4289e-10  8.6602e-01
278.303  1.2224e-10  8.0857e+00  1.3363e-10  9.1476e-01
278.368  1.0533e-10  5.9500e+00  1.0229e-10  1.0297e+00
278.434  1.1986e-10  7.4906e+00  1.2058e-10  9.9405e-01
278.499  1.2823e-10  8.0857e+00  1.4208e-10  9.0249e-01
278.564  1.2498e-10  7.4906e+00  1.3439e-10  9.3001e-01
278.629  1.3118e-10  8.8349e+00  1.4490e-10  9.0529e-01
278.694  1.2959e-10  8.6808e+00  1.4997e-10  8.6409e-01
278.759  1.0798e-10  6.5451e+00  1.0858e-10  9.9443e-01
278.824  1.2131e-10  8.0857e+00  1.3355e-10  9.0833e-01
278.889  1.1469e-10  8.2398e+00  1.2681e-10  9.0442e-01
278.954  7.6352e-11  3.8927e+00  6.7281e-11  1.1348e+00
279.019  8.3721e-11  5.1989e+00  8.2996e-11  1.0087e+00
279.084  8.9962e-11  6.4227e+00  1.0417e-10  8.6361e-01
279.149  7.6985e-11  5.1017e+00  8.4275e-11  9.1350e-01
279.214  7.6265e-11  5.7489e+00  8.9611e-11  8.5106e-01
279.279  5.7260e-11  4.0028e+00  6.3342e-11  9.0398e-01
279.344  5.9712e-11  4.7262e+00  7.5613e-11  7.8970e-01
279.409  5.3515e-11  4.0028e+00  6.0702e-11  8.8160e-01
279.474  5.9462e-11  4.1297e+00  6.4724e-11  9.1870e-01
279.539  3.9944e-11  2.4562e+00  3.7603e-11  1.0622e+00
279.604  5.0244e-11  3.8155e+00  5.9582e-11  8.4327e-01
279.669  4.5930e-11  3.7542e+00  5.8225e-11  7.8884e-01
279.734  6.8290e-11  6.1696e+00  9.5215e-11  7.1722e-01
279.799  5.2539e-11  4.0122e+00  6.9155e-11  7.5973e-01
279.864  5.6189e-11  4.4721e+00  7.5399e-11  7.4522e-01
279.929  3.9400e-11  3.0921e+00  4.7654e-11  8.2678e-01
279.994  6.0806e-11  5.9500e+00  8.5064e-11  7.1482e-01
280.059  4.8227e-11  3.5172e+00  5.6387e-11  8.5528e-01
280.124  4.4425e-11  3.2190e+00  4.6246e-11  9.6063e-01
280.189  5.6917e-11  3.8927e+00  6.3908e-11  8.9060e-01
280.254  5.4014e-11  4.0524e+00  6.4693e-11  8.3492e-01
280.319  6.9183e-11  5.0511e+00  9.1678e-11  7.5463e-01
280.384  5.3706e-11  4.1297e+00  6.9707e-11  7.7045e-01
280.449  5.7589e-11  4.7262e+00  7.3873e-11  7.7956e-01
280.514  6.1746e-11  4.4279e+00  6.9412e-11  8.8956e-01
280.579  6.0053e-11  4.0028e+00  6.4596e-11  9.2967e-01
280.644  7.1893e-11  5.5745e+00  8.8248e-11  8.1467e-01
280.709  9.1854e-11  7.6130e+00  1.1375e-10  8.0751e-01
280.774  9.2705e-11  6.4227e+00  1.0969e-10  8.4515e-01
280.839  1.0143e-10  6.6423e+00  1.1261e-10  9.0076e-01
280.904  1.0808e-10  7.4906e+00  1.1217e-10  9.6350e-01
280.969  1.0958e-10  6.1696e+00  1.0838e-10  1.0111e+00
281.034  1.1686e-10  8.2398e+00  1.1878e-10  9.8382e-01
281.099  1.3213e-10  9.4300e+00  1.5333e-10  8.6176e-01
281.164  1.1859e-10  7.4906e+00  1.2080e-10  9.8168e-01
281.229  1.5376e-10  1.0179e+01  1.6305e-10  9.4305e-01
281.294  1.2835e-10  8.2398e+00  1.2732e-10  1.0081e+00
281.359  1.6654e-10  1.0179e+01  1.8201e-10  9.1500e-01
281.424  1.7544e-10  1.0929e+01  1.8206e-10  9.6364e-01
281.489  1.7102e-10  1.0179e+01  1.6845e-10  1.0153e+00
281.554  1.8849e-10  1.1872e+01  1.8613e-10  1.0127e+00
281.619  1.9755e-10  1.1872e+01  1.9500e-10  1.0131e+00
281.684  2.0573e-10  1.2815e+01  2.0440e-10  1.0065e+00
281.749  2.2521e-10  1.3758e+01  2.2994e-10  9.7945e-01
281.814  2.3673e-10  1.4946e+01  2.4239e-10  9.7667e-01
281.879  2.2688e-10  1.3758e+01  2.2767e-10  9.9651e-01
281.944  2.3070e-10  1.4946e+01  2.2755e-10  1.0138e+00
282.009  2.1572e-10  1.2815e+01  2.0695e-10  1.0424e+00
282.074  2.4806e-10  1.6133e+01  2.4373e-10  1.0178e+00
282.139  2.5791e-10  1.7321e+01  2.5988e-10  9.9243e-01
282.204  2.6693e-10  1.7321e+01  2.6811e-10  9.9558e-01
282.269  2.4114e-10  1.4946e+01  2.3321e-10  1.0340e+00
282.334  2.6094e-10  1.6133e+01  2.5191e-10  1.0359e+00
282.399  2.5944e-10  1.4946e+01  2.5141e-10  1.0320e+00
282.464  2.8094e-10  1.8815e+01  2.8152e-10  9.9795e-01
282.529  2.5969e-10  1.6441e+01  2.5687e-10  1.0110e+00
282.594  2.6348e-10  1.6133e+01  2.5886e-10  1.0178e+00
282.659  2.6645e-10  1.6133e+01  2.5913e-10  1.0283e+00
282.724  2.5662e-10  1.6133e+01  2.4887e-10  1.0311e+00
282.789  2.6345e-10  1.7321e+01  2.5898e-10  1.0173e+00
282.854  2.7978e-10  1.7321e+01  2.8010e-10  9.9885e-01
282.919  2.7793e-10  1.6133e+01  2.6900e-10  1.0332e+00
282.984  2.8663e-10  1.6133e+01  2.7521e-10  1.0415e+00
283.049  3.0868e-10  1.8815e+01  3.0344e-10  1.0173e+00
283.114  3.1124e-10  1.7321e+01  3.0292e-10  1.0275e+00
283.179  3.0776e-10  1.7321e+01  2.9868e-10  1.0304e+00
283.244  2.9798e-10  1.7321e+01  2.8709e-10  1.0379e+00
283.309  3.2037e-10  1.8815e+01  3.1454e-10  1.0185e+00
283.374  2.9772e-10  1.8815e+01  2.8883e-10  1.0308e+00
283.439  2.7138e-10  1.6133e+01  2.6167e-10  1.0371e+00
283.504  2.5329e-10  1.6133e+01  2.4700e-10  1.0254e+00
283.569  2.8857e-10  1.8815e+01  2.8495e-10  1.0127e+00
283.634  2.9304e-10  1.7321e+01  2.8979e-10  1.0112e+00
283.699  3.0118e-10  2.0310e+01  2.9981e-10  1.0046e+00
283.764  2.8695e-10  1.7321e+01  2.8033e-10  1.0236e+00
283.829  3.0184e-10  1.7321e+01  2.9456e-10  1.0247e+00
283.894  3.1280e-10  2.0310e+01  3.0861e-10  1.0136e+00
283.959  2.8839e-10  1.6133e+01  2.7628e-10  1.0438e+00
284.024  3.2332e-10  2.0310e+01  3.1158e-10  1.0377e+00
284.089  3.4553e-10  2.1805e+01  3.3759e-10  1.0235e+00
284.154  3.2217e-10  2.0310e+01  3.1426e-10  1.0252e+00
284.219  2.8442e-10  1.7321e+01  2.7531e-10  1.0331e+00
284.284  2.5702e-10  1.7321e+01  2.4921e-10  1.0313e+00
284.349  2.8962e-10  1.7321e+01  2.8806e-10  1.0054e+00
284.414  2.8113e-10  1.7321e+01  2.7466e-10  1.0236e+00
284.479  2.5784e-10  1.4946e+01  2.5025e-10  1.0303e+00
284.544  2.5363e-10  1.6133e+01  2.5225e-10  1.0055e+00
284.609  2.2582e-10  1.2815e+01  2.1761e-10  1.0377e+00
284.674  2.2001e-10  1.2815e+01  2.1269e-10  1.0344e+00
284.739  2.1754e-10  1.1872e+01  2.1350e-10  1.0189e+00
284.804  1.9702e-10  1.1872e+01  2.0305e-10  9.7032e-01
284.869  1.8338e-10  1.1872e+01  1.9064e-10  9.6194e-01
284.934  1.4492e-10  8.8349e+00  1.5080e-10  9.6098e-01
284.999  1.2753e-10  8.0857e+00  1.3718e-10  9.2968e-01
285.064  1.0600e-10  7.6130e+00  1.1737e-10  9.0313e-01
285.129  9.6447e-11  6.4227e+00  1.1279e-10  8.5510e-01
285.194  8.4286e-11  6.7023e+00  1.0571e-10  7.9734e-01
285.259  8.2132e-11  6.0472e+00  1.0187e-10  8.0624e-01
285.324  8.8580e-11  6.6423e+00  1.0881e-10  8.1408e-01
285.389  8.5828e-11  6.6423e+00  1.0677e-10  8.0386e-01
285.454  8.8841e-11  7.0178e+00  1.1112e-10  7.9951e-01
285.519  1.0779e-10  7.0178e+00  1.2460e-10  8.6507e-01
285.584  1.3058e-10  8.6808e+00  1.4367e-10  9.0891e-01
285.649  1.5098e-10  8.8349e+00  1.5926e-10  9.4800e-01
285.714  1.7677e-10  1.0527e+01  1.8965e-10  9.3209e-01
285.779  2.0353e-10  1.2815e+01  2.1324e-10  9.5445e-01
285.844  2.2555e-10  1.3758e+01  2.3428e-10  9.6272e-01
285.909  2.5738e-10  1.3758e+01  2.6046e-10  9.8817e-01
285.974  2.8788e-10  1.7321e+01  2.8596e-10  1.0067e+00
286.039  3.4999e-10  1.8815e+01  3.4616e-10  1.0111e+00
286.104  3.1936e-10  1.7628e+01  3.1280e-10  1.0210e+00
286.169  3.5828e-10  2.0310e+01  3.4887e-10  1.0270e+00
286.234  3.6006e-10  2.0310e+01  3.4975e-10  1.0295e+00
286.299  3.7577e-10  2.0310e+01  3.7081e-10  1.0134e+00
286.364  3.7291e-10  2.0310e+01  3.5991e-10  1.0361e+00
286.429  3.6604e-10  2.1805e+01  3.5218e-10  1.0393e+00
286.494  3.8737e-10  2.0310e+01  3.7432e-10  1.0349e+00
286.559  4.0738e-10  2.1805e+01  3.9419e-10  1.0335e+00
286.624  4.0045e-10  2.1805e+01  3.8540e-10  1.0390e+00
286.689  3.8260e-10  2.1805e+01  3.6986e-10  1.0344e+00
286.754  3.7980e-10  2.1805e+01  3.6704e-10  1.0348e+00
286.819  3.5691e-10  2.0310e+01  3.4830e-10  1.0247e+00
286.884  3.6856e-10  2.1805e+01  3.6107e-10  1.0207e+00
286.949  3.6141e-10  2.1805e+01  3.5225e-10  1.0260e+00
287.014  3.8952e-10  2.1805e+01  3.7926e-10  1.0270e+00
287.079  4.3816e-10  2.7451e+01  4.2498e-10  1.0310e+00
287.144  4.4695e-10  2.7451e+01  4.3359e-10  1.0308e+00
287.209  4.5065e-10  2.7451e+01  4.3187e-10  1.0435e+00
287.274  4.4930e-10  2.7451e+01  4.2765e-10  1.0506e+00
287.339  4.8430e-10  2.7451e+01  4.6363e-10  1.0446e+00
287.404  4.9881e-10  2.9820e+01  4.7462e-10  1.0510e+00
287.469  4.4390e-10  2.5569e+01  4.1861e-10  1.0604e+00
287.534  4.2613e-10  2.7451e+01  4.0296e-10  1.0575e+00
287.599  4.1926e-10  2.5569e+01  4.0331e-10  1.0395e+00
287.664  4.2143e-10  2.7451e+01  4.0263e-10  1.0467e+00
287.729  3.9405e-10  2.3687e+01  3.7328e-10  1.0556e+00
287.794  4.0710e-10  2.3687e+01  3.8870e-10  1.0473e+00
287.859  3.8617e-10  2.3687e+01  3.7060e-10  1.0420e+00
287.924  3.7765e-10  2.3687e+01  3.6512e-10  1.0343e+00
287.989  3.8579e-10  2.3687e+01  3.7436e-10  1.0305e+00
288.054  2.9631e-10  1.8815e+01  2.9097e-10  1.0184e+00
288.119  2.5865e-10  1.6133e+01  2.5525e-10  1.0133e+00
288.184  2.5391e-10  1.7321e+01  2.5645e-10  9.9011e-01
288.249  2.9662e-10  1.8815e+01  3.0109e-10  9.8514e-01
288.314  2.8474e-10  1.8815e+01  2.8491e-10  9.9940e-01
288.379  3.3231e-10  2.1805e+01  3.2758e-10  1.0144e+00
288.444  3.6751e-10  2.3687e+01  3.6152e-10  1.0166e+00
288.509  4.5401e-10  2.7451e+01  4.3927e-10  1.0336e+00
288.574  4.7617e-10  2.7451e+01  4.5433e-10  1.0481e+00
288.639  5.2075e-10  3.4559e+01  4.9487e-10  1.0523e+00
288.704  5.5408e-10  3.4559e+01  5.2559e-10  1.0542e+00
288.769  5.5648e-10  3.4559e+01  5.2231e-10  1.0654e+00
288.834  5.7379e-10  3.4559e+01  5.4016e-10  1.0623e+00
288.899  5.3455e-10  3.4559e+01  5.0985e-10  1.0485e+00
288.964  5.6060e-10  3.4559e+01  5.3446e-10  1.0489e+00
289.029  5.3726e-10  3.4559e+01  5.1095e-10  1.0515e+00
289.094  5.7361e-10  3.4559e+01  5.4753e-10  1.0476e+00
289.159  5.7226e-10  3.4559e+01  5.4568e-10  1.0487e+00
289.224  5.8258e-10  3.4559e+01  5.5564e-10  1.0485e+00
289.289  6.1118e-10  3.4559e+01  5.8447e-10  1.0457e+00
289.353  5.9993e-10  3.4559e+01  5.7610e-10  1.0414e+00
289.418  6.1480e-10  3.4559e+01  5.8973e-10  1.0425e+00
289.483  6.5181e-10  3.7542e+01  6.2422e-10  1.0442e+00
289.548  6.2808e-10  3.4559e+01  6.0319e-10  1.0413e+00
289.613  6.7605e-10  3.7542e+01  6.4632e-10  1.0460e+00
289.678  7.4761e-10  4.3507e+01  7.1622e-10  1.0438e+00
289.743  7.6699e-10  4.3507e+01  7.3407e-10  1.0449e+00
289.808  7.7869e-10  4.3507e+01  7.4583e-10  1.0441e+00
289.873  8.4046e-10  4.3507e+01  8.0128e-10  1.0489e+00
289.938  8.8154e-10  4.7262e+01  8.4120e-10  1.0480e+00
290.003  8.9647e-10  5.1017e+01  8.4767e-10  1.0576e+00
290.068  8.9486e-10  5.4772e+01  8.4818e-10  1.0550e+00
290.133  9.1490e-10  5.4772e+01  8.6884e-10  1.0530e+00
290.198  9.4841e-10  5.4772e+01  9.0582e-10  1.0470e+00
290.263  1.0103e-09  5.4772e+01  9.5821e-10  1.0543e+00
290.328  1.0051e-09  5.4772e+01  9.5067e-10  1.0572e+00
290.393  9.8259e-10  5.4772e+01  9.3219e-10  1.0541e+00
290.458  1.0046e-09  5.4772e+01  9.5453e-10  1.0525e+00
290.523  9.8810e-10  5.4772e+01  9.3621e-10  1.0554e+00
290.588  1.0388e-09  5.9500e+01  9.8602e-10  1.0536e+00
290.653  1.0473e-09  5.9500e+01  9.8989e-10  1.0580e+00
290.718  1.0222e-09  5.4772e+01  9.6912e-10  1.0548e+00
290.783  9.9063e-10  5.4772e+01  9.4283e-10  1.0507e+00
290.848  9.7729e-10  5.4772e+01  9.2993e-10  1.0509e+00
290.913  9.4448e-10  5.4772e+01  8.9633e-10  1.0537e+00
290.978  9.3138e-10  5.4772e+01  8.8594e-10  1.0513e+00
291.043  9.8748e-10  5.4772e+01  9.5146e-10  1.0379e+00
291.108  9.8050e-10  5.4772e+01  9.3705e-10  1.0464e+00
291.173  1.0312e-09  5.9500e+01  9.8059e-10  1.0516e+00
291.238  1.1203e-09  6.8954e+01  1.0668e-09  1.0502e+00
291.303  1.1358e-09  6.8954e+01  1.0817e-09  1.0500e+00
291.368  1.1562e-09  6.8954e+01  1.0995e-09  1.0516e+00
291.433  1.1388e-09  6.8954e+01  1.0834e-09  1.0512e+00
291.498  1.1355e-09  6.8954e+01  1.0829e-09  1.0486e+00
291.563  1.1722e-09  6.8954e+01  1.1162e-09  1.0501e+00
291.628  1.1409e-09  6.8954e+01  1.0871e-09  1.0495e+00
291.692  1.0869e-09  6.4227e+01  1.0421e-09  1.0430e+00
291.757  1.1200e-09  6.4227e+01  1.0748e-09  1.0420e+00
291.822  1.1411e-09  6.8954e+01  1.0944e-09  1.0427e+00
291.887  1.1818e-09  6.8954e+01  1.1325e-09  1.0435e+00
291.952  1.2207e-09  6.8954e+01  1.1726e-09  1.0410e+00
292.017  1.2382e-09  6.8954e+01  1.1901e-09  1.0404e+00
292.082  1.2491e-09  6.8954e+01  1.2031e-09  1.0382e+00
292.147  1.2926e-09  6.8954e+01  1.2427e-09  1.0401e+00
292.212  1.3067e-09  6.8954e+01  1.2499e-09  1.0454e+00
292.277  1.2765e-09  6.8954e+01  1.2225e-09  1.0442e+00
292.342  1.2599e-09  6.8954e+01  1.2126e-09  1.0390e+00
292.407  1.2650e-09  6.8954e+01  1.2148e-09  1.0413e+00
292.472  1.1685e-09  6.8954e+01  1.1223e-09  1.0412e+00
292.537  1.1294e-09  6.4227e+01  1.0878e-09  1.0383e+00
292.602  1.1380e-09  6.8954e+01  1.1020e-09  1.0326e+00
292.667  1.1651e-09  6.8954e+01  1.1296e-09  1.0315e+00
292.732  1.1734e-09  6.8954e+01  1.1361e-09  1.0329e+00
292.797  1.1024e-09  6.4227e+01  1.0710e-09  1.0293e+00
292.862  1.1866e-09  6.8954e+01  1.1601e-09  1.0228e+00
292.927  1.2967e-09  6.8954e+01  1.2607e-09  1.0286e+00
292.992  1.4088e-09  8.6808e+01  1.3708e-09  1.0277e+00
293.057  1.5261e-09  8.6808e+01  1.4750e-09  1.0347e+00
293.122  1.6346e-09  8.6808e+01  1.5776e-09  1.0361e+00
293.187  1.7308e-09  1.0179e+02  1.6715e-09  1.0355e+00
293.252  1.8903e-09  1.0929e+02  1.8273e-09  1.0345e+00
293.317  1.9519e-09  1.0929e+02  1.8843e-09  1.0359e+00
293.382  2.0463e-09  1.0929e+02  1.9802e-09  1.0334e+00
293.447  2.1661e-09  1.1872e+02  2.0935e-09  1.0347e+00
293.511  2.1023e-09  1.0929e+02  2.0228e-09  1.0393e+00
293.576  1.9663e-09  1.0929e+02  1.8937e-09  1.0383e+00
293.641  1.8574e-09  1.0929e+02  1.7977e-09  1.0332e+00
293.706  1.8812e-09  1.0929e+02  1.8244e-09  1.0311e+00
293.771  1.8338e-09  1.0929e+02  1.7782e-09  1.0313e+00
293.836  1.7209e-09  1.0179e+02  1.6710e-09  1.0298e+00
293.901  1.6564e-09  9.4300e+01  1.6165e-09  1.0247e+00
293.966  1.6925e-09  9.4300e+01  1.6536e-09  1.0235e+00
294.031  1.8007e-09  1.0929e+02  1.7619e-09  1.0220e+00
294.096  1.9065e-09  1.0929e+02  1.8666e-09  1.0214e+00
294.161  2.0644e-09  1.0929e+02  2.0181e-09  1.0229e+00
294.226  2.1627e-09  1.0929e+02  2.1090e-09  1.0255e+00
294.291  2.2164e-09  1.0929e+02  2.1567e-09  1.0277e+00
294.356  2.1552e-09  1.0929e+02  2.1015e-09  1.0255e+00
294.421  2.2631e-09  1.2815e+02  2.2144e-09  1.0220e+00
294.486  2.4483e-09  1.3758e+02  2.3961e-09  1.0218e+00
294.551  2.6394e-09  1.3758e+02  2.5747e-09  1.0251e+00
294.616  2.5590e-09  1.3758e+02  2.4881e-09  1.0285e+00
294.681  2.3416e-09  1.2815e+02  2.2821e-09  1.0261e+00
294.746  2.2738e-09  1.1872e+02  2.2258e-09  1.0216e+00
294.811  2.3030e-09  1.2815e+02  2.2546e-09  1.0215e+00
294.876  2.3018e-09  1.2815e+02  2.2563e-09  1.0202e+00
294.941  2.2674e-09  1.2815e+02  2.2304e-09  1.0166e+00
295.005  2.3062e-09  1.2815e+02  2.2771e-09  1.0128e+00
295.070  2.6388e-09  1.3758e+02  2.6074e-09  1.0121e+00
295.135  3.1198e-09  1.7321e+02  3.0771e-09  1.0139e+00
295.200  3.5052e-09  1.7321e+02  3.4512e-09  1.0157e+00
295.265  3.5713e-09  1.7321e+02  3.5080e-09  1.0180e+00
295.330  3.6652e-09  1.7321e+02  3.6008e-09  1.0179e+00
295.395  3.8911e-09  1.7321e+02  3.8243e-09  1.0175e+00
295.460  4.0844e-09  2.0310e+02  4.0150e-09  1.0173e+00
295.525  4.0901e-09  2.0310e+02  4.0171e-09  1.0182e+00
295.590  3.8335e-09  1.8815e+02  3.7650e-09  1.0182e+00
295.655  3.7741e-09  1.7321e+02  3.7265e-09  1.0128e+00
295.720  4.1929e-09  2.1805e+02  4.1423e-09  1.0122e+00
295.785  4.5073e-09  2.1805e+02  4.4479e-09  1.0134e+00
295.850  4.4464e-09  2.1805e+02  4.3770e-09  1.0158e+00
295.915  4.3015e-09  2.1805e+02  4.2425e-09  1.0139e+00
295.980  4.3153e-09  2.1805e+02  4.2571e-09  1.0137e+00
296.045  4.5494e-09  2.1805e+02  4.4925e-09  1.0127e+00
296.110  4.9282e-09  2.3687e+02  4.8670e-09  1.0126e+00
296.175  5.1101e-09  2.5569e+02  5.0445e-09  1.0130e+00
296.240  5.2302e-09  2.7451e+02  5.1654e-09  1.0125e+00
296.305  5.3811e-09  2.7451e+02  5.3112e-09  1.0132e+00
296.369  5.4172e-09  2.7451e+02  5.3406e-09  1.0143e+00
296.434  5.2982e-09  2.7451e+02  5.2293e-09  1.0132e+00
296.499  5.0728e-09  2.3687e+02  5.0032e-09  1.0139e+00
296.564  4.5282e-09  2.1805e+02  4.4661e-09  1.0139e+00
296.629  4.0651e-09  2.1805e+02  4.0232e-09  1.0104e+00
296.694  3.8958e-09  2.0310e+02  3.8665e-09  1.0076e+00
296.759  3.9273e-09  2.0310e+02  3.9039e-09  1.0060e+00
296.824  3.9545e-09  1.8815e+02  3.9312e-09  1.0059e+00
296.889  3.9678e-09  2.0310e+02  3.9458e-09  1.0056e+00
296.954  4.1914e-09  2.1805e+02  4.1789e-09  1.0030e+00
297.019  4.8879e-09  2.1805e+02  4.8697e-09  1.0037e+00
297.084  5.3973e-09  2.3687e+02  5.3636e-09  1.0063e+00
297.149  5.4090e-09  2.3687e+02  5.3711e-09  1.0071e+00
297.214  5.0849e-09  2.1805e+02  5.0540e-09  1.0061e+00
297.279  5.4283e-09  2.3687e+02  5.4073e-09  1.0039e+00
297.344  6.3856e-09  2.7451e+02  6.3598e-09  1.0041e+00
297.409  7.1944e-09  2.7451e+02  7.1511e-09  1.0061e+00
297.474  7.3694e-09  2.7451e+02  7.3222e-09  1.0064e+00
297.539  7.6683e-09  3.2190e+02  7.6231e-09  1.0059e+00
297.603  8.7900e-09  3.4559e+02  8.7392e-09  1.0058e+00
297.668  1.0182e-08  3.4559e+02  1.0119e-08  1.0062e+00
297.733  1.0763e-08  3.7542e+02  1.0685e-08  1.0073e+00
297.798  1.0526e-08  3.7542e+02  1.0452e-08  1.0070e+00
297.863  1.0178e-08  3.4559e+02  1.0109e-08  1.0068e+00
297.928  1.0125e-08  3.4559e+02  1.0055e-08  1.0069e+00
297.993  9.8499e-09  3.4559e+02  9.7806e-09  1.0071e+00
298.058  8.6211e-09  3.4559e+02  8.5591e-09  1.0072e+00
298.123  7.7327e-09  3.4559e+02  7.6875e-09  1.0059e+00
298.188  7.1335e-09  2.7451e+02  7.1034e-09  1.0042e+00
298.253  6.5723e-09  2.7451e+02  6.5532e-09  1.0029e+00
298.318  6.1763e-09  2.7451e+02  6.1672e-09  1.0015e+00
298.383  5.6934e-09  2.7451e+02  5.6930e-09  1.0001e+00
298.448  5.5480e-09  2.7451e+02  5.5593e-09  9.9796e-01
298.513  6.0216e-09  2.7451e+02  6.0343e-09  9.9790e-01
298.578  6.2695e-09  2.7451e+02  6.2787e-09  9.9854e-01
298.643  6.2907e-09  2.7451e+02  6.3102e-09  9.9692e-01
298.708  7.0407e-09  2.9820e+02  7.0640e-09  9.9670e-01
298.772  8.0684e-09  3.4559e+02  8.0867e-09  9.9774e-01
298.837  9.1982e-09  3.4559e+02  9.2098e-09  9.9874e-01
298.902  1.0725e-08  4.3507e+02  1.0724e-08  1.0000e+00
298.967  1.1947e-08  4.3507e+02  1.1938e-08  1.0007e+00
299.032  1.2746e-08  4.3507e+02  1.2734e-08  1.0010e+00
299.097  1.3810e-08  4.3507e+02  1.3809e-08  1.0001e+00
