  1   75.000000    0.019582   2.093970e+02   8.267190e-04   1.072192e-01
  2   74.000000    0.022979   2.097311e+02   3.020420e-04   1.186093e-01
  3   73.000000    0.026861   2.100765e+02   3.814265e-04   1.309160e-01
  4   72.000000    0.031399   2.104220e+02   4.898474e-04   1.432226e-01
  5   71.000000    0.036662   2.111756e+02   6.503538e-04   1.706425e-01
  6   70.000000    0.042789   2.120726e+02   9.023190e-04   2.033725e-01
  7   69.000000    0.049961   2.135406e+02   1.266433e-03   2.450861e-01
  8   68.000000    0.058389   2.162645e+02   1.830658e-03   3.065594e-01
  9   67.000000    0.068193   2.190270e+02   2.627101e-03   3.739781e-01
 10   66.000000    0.079447   2.219308e+02   3.709910e-03   4.632355e-01
 11   65.000000    0.092506   2.246887e+02   5.224311e-03   5.527331e-01
 12   64.000000    0.107513   2.269621e+02   7.065492e-03   6.430293e-01
 13   63.000000    0.124863   2.293541e+02   9.365346e-03   7.278342e-01
 14   62.000000    0.144751   2.320434e+02   1.195573e-02   7.989006e-01
 15   61.000000    0.167601   2.349129e+02   1.499290e-02   8.675402e-01
 16   60.000000    0.193602   2.381268e+02   1.841888e-02   9.315462e-01
 17   59.000000    0.223313   2.413123e+02   2.257907e-02   9.984590e-01
 18   58.000000    0.257008   2.444539e+02   2.744092e-02   1.069884e+00
 19   57.000000    0.295391   2.473039e+02   3.359209e-02   1.152774e+00
 20   56.000000    0.338901   2.497638e+02   4.118167e-02   1.251000e+00
 21   55.000000    0.388386   2.520542e+02   5.080942e-02   1.356650e+00
 22   54.000000    0.444512   2.541448e+02   6.249085e-02   1.471041e+00
 23   53.000000    0.508193   2.562926e+02   7.681561e-02   1.592488e+00
 24   52.000000    0.580351   2.584985e+02   9.414674e-02   1.721106e+00
 25   51.000000    0.662033   2.605096e+02   1.154235e-01   1.867654e+00
 26   50.000000    0.754517   2.623554e+02   1.419116e-01   2.029385e+00
 27   49.000000    0.859143   2.637834e+02   1.748086e-01   2.213884e+00
 28   48.000000    0.977687   2.649317e+02   2.159958e-01   2.413624e+00
 29   47.000000    1.112161   2.654287e+02   2.691298e-01   2.669141e+00
 30   46.000000    1.264901   2.656142e+02   3.380233e-01   2.951337e+00
 31   45.000000    1.439247   2.644991e+02   4.327224e-01   3.352113e+00
 32   44.000000    1.637820   2.630264e+02   5.580769e-01   3.785508e+00
 33   43.000000    1.867054   2.603881e+02   7.349728e-01   4.357258e+00
 34   42.000000    2.129514   2.575834e+02   9.628606e-01   4.959803e+00
 35   41.000000    2.434350   2.542961e+02   1.276907e+00   5.678514e+00
 36   40.000000    2.786632   2.509075e+02   1.675681e+00   6.401842e+00
 37   39.000000    3.195232   2.473950e+02   2.177219e+00   7.130810e+00
 38   38.000000    3.672515   2.442954e+02   2.803758e+00   7.788356e+00
 39   37.000000    4.225959   2.414345e+02   3.525487e+00   8.389639e+00
 40   36.000000    4.871655   2.390041e+02   4.388706e+00   8.872240e+00
 41   35.000000    5.623694   2.371578e+02   5.357470e+00   9.220247e+00
 42   34.000000    6.496988   2.357330e+02   6.434055e+00   9.491046e+00
 43   33.000000    7.511786   2.348319e+02   7.663035e+00   9.686833e+00
 44   32.000000    8.693458   2.332811e+02   9.062790e+00   9.791183e+00
 45   31.000000   10.069225   2.312411e+02   1.056989e+01   9.720952e+00
 46   30.000000   11.675719   2.289368e+02   1.213415e+01   9.461742e+00
 47   29.000000   13.561791   2.269186e+02   1.373567e+01   9.033968e+00
 48   28.000000   15.774289   2.254791e+02   1.517252e+01   8.382273e+00
 49   27.000000   18.367899   2.235696e+02   1.618468e+01   7.465891e+00
 50   26.000000   21.418581   2.211108e+02   1.665940e+01   6.402999e+00
 51   25.000000   25.017908   2.185062e+02   1.660185e+01   5.311251e+00
 52   24.000000   29.271563   2.163817e+02   1.610323e+01   4.303328e+00
 53   23.000000   34.296425   2.146630e+02   1.544937e+01   3.505146e+00
 54   22.000000   40.224216   2.131446e+02   1.448517e+01   2.700831e+00
 55   21.000000   47.273163   2.100867e+02   1.289909e+01   1.946615e+00
 56   20.000000   55.753880   2.040479e+02   1.049440e+01   1.196095e+00
 57   19.000000   66.089729   1.975156e+02   7.220144e+00   5.780092e-01
 58   18.000000   78.699913   1.935917e+02   4.519883e+00   3.322921e-01
 59   17.000000   93.875801   1.928960e+02   2.918071e+00   1.560466e-01
 60   16.000000  111.929558   1.955062e+02   1.684110e+00   8.086281e-02
 61   15.000000  132.898666   2.022546e+02   1.128855e+00   5.585891e-02
 62   14.000000  156.797470   2.108017e+02   1.002594e+00   5.068496e-02
 63   13.000000  183.827332   2.187637e+02   1.118840e+00   5.443949e-02
 64   12.000000  214.372742   2.259382e+02   1.374076e+00   5.980733e-02
 65   11.000000  248.844223   2.331738e+02   1.685325e+00   6.435880e-02
 66   10.000000  287.768433   2.408365e+02   1.939028e+00   6.215669e-02
 67    9.000000  334.831757   2.482818e+02   2.119589e+00   5.222290e-02
 68    8.000000  379.759613   2.561762e+02   1.770548e+00   4.786265e-02
 69    7.000000  432.780426   2.640362e+02   2.066157e+00   5.110570e-02
 70    6.000000  491.717133   2.696252e+02   2.349775e+00   5.015006e-02
 71    5.000000  557.286316   2.744513e+02   2.366103e+00   4.149590e-02
 72    4.000000  630.140869   2.795160e+02   1.934247e+00   2.593124e-02
 73    3.000000  710.621643   2.843592e+02   1.604091e+00   2.468807e-02
 74    2.000000  800.997864   2.890624e+02   1.696798e+00   2.299404e-02
 75    1.000000  898.497620   2.936434e+02   1.730834e+00   2.209089e-02
 76    0.000000 1007.147095   2.996095e+02   1.956235e+00   2.363612e-02
