  1   75.000000    0.018391   2.148000e+02   6.795209e-04   9.383740e-02
  2   74.000000    0.021748   2.148843e+02   2.587885e-04   1.019636e-01
  3   73.000000    0.025330   2.147865e+02   3.041075e-04   1.136453e-01
  4   72.000000    0.029502   2.146887e+02   3.925783e-04   1.253271e-01
  5   71.000000    0.034367   2.142569e+02   5.159991e-04   1.440265e-01
  6   70.000000    0.040049   2.131313e+02   7.188920e-04   1.773001e-01
  7   69.000000    0.046670   2.120056e+02   1.011245e-03   2.105738e-01
  8   68.000000    0.054637   2.119863e+02   1.530237e-03   2.772650e-01
  9   67.000000    0.064006   2.121276e+02   2.309592e-03   3.488103e-01
 10   66.000000    0.074911   2.146446e+02   3.401051e-03   4.432291e-01
 11   65.000000    0.087655   2.177330e+02   4.949578e-03   5.431486e-01
 12   64.000000    0.102203   2.220520e+02   6.745773e-03   6.344802e-01
 13   63.000000    0.119107   2.265413e+02   9.046067e-03   7.246237e-01
 14   62.000000    0.138227   2.297650e+02   1.151375e-02   8.047733e-01
 15   61.000000    0.160375   2.328839e+02   1.473744e-02   8.851263e-01
 16   60.000000    0.185553   2.344157e+02   1.848300e-02   9.792585e-01
 17   59.000000    0.214643   2.359317e+02   2.352139e-02   1.074213e+00
 18   58.000000    0.247913   2.373161e+02   2.947757e-02   1.176008e+00
 19   57.000000    0.286233   2.388192e+02   3.704912e-02   1.279450e+00
 20   56.000000    0.329960   2.408217e+02   4.595875e-02   1.389822e+00
 21   55.000000    0.380078   2.430543e+02   5.700747e-02   1.499005e+00
 22   54.000000    0.436988   2.458523e+02   6.956133e-02   1.605264e+00
 23   53.000000    0.501807   2.487708e+02   8.467636e-02   1.712427e+00
 24   52.000000    0.575145   2.518774e+02   1.020344e-01   1.821003e+00
 25   51.000000    0.658310   2.546139e+02   1.234119e-01   1.947739e+00
 26   50.000000    0.752430   2.569616e+02   1.497693e-01   2.093555e+00
 27   49.000000    0.858974   2.589263e+02   1.830599e-01   2.270059e+00
 28   48.000000    0.979774   2.606214e+02   2.253743e-01   2.468161e+00
 29   47.000000    1.116600   2.618649e+02   2.794088e-01   2.718062e+00
 30   46.000000    1.272060   2.629132e+02   3.494248e-01   2.990334e+00
 31   45.000000    1.448725   2.628442e+02   4.420270e-01   3.364119e+00
 32   44.000000    1.649823   2.625469e+02   5.639969e-01   3.758648e+00
 33   43.000000    1.880610   2.606946e+02   7.330970e-01   4.308682e+00
 34   42.000000    2.144623   2.586404e+02   9.555969e-01   4.883706e+00
 35   41.000000    2.449658   2.558625e+02   1.253039e+00   5.548929e+00
 36   40.000000    2.801394   2.531655e+02   1.628180e+00   6.207202e+00
 37   39.000000    3.207525   2.505512e+02   2.089361e+00   6.858350e+00
 38   38.000000    3.679704   2.479295e+02   2.668930e+00   7.496853e+00
 39   37.000000    4.225916   2.450276e+02   3.358310e+00   8.118033e+00
 40   36.000000    4.863190   2.413165e+02   4.219025e+00   8.695751e+00
 41   35.000000    5.610054   2.375881e+02   5.242146e+00   9.129980e+00
 42   34.000000    6.481867   2.343627e+02   6.377025e+00   9.446953e+00
 43   33.000000    7.502665   2.324117e+02   7.655387e+00   9.599175e+00
 44   32.000000    8.693370   2.315567e+02   8.997126e+00   9.591007e+00
 45   31.000000   10.076163   2.306974e+02   1.038927e+01   9.490264e+00
 46   30.000000   11.685071   2.295051e+02   1.190229e+01   9.297667e+00
 47   29.000000   13.567131   2.276015e+02   1.356385e+01   9.005610e+00
 48   28.000000   15.778965   2.252872e+02   1.501999e+01   8.240711e+00
 49   27.000000   18.376707   2.231517e+02   1.588348e+01   7.287769e+00
 50   26.000000   21.430626   2.212170e+02   1.642261e+01   6.369511e+00
 51   25.000000   25.025913   2.192187e+02   1.677881e+01   5.482908e+00
 52   24.000000   29.269455   2.167583e+02   1.664097e+01   4.476412e+00
 53   23.000000   34.297707   2.138631e+02   1.575575e+01   3.481542e+00
 54   22.000000   40.267605   2.110745e+02   1.415482e+01   2.540128e+00
 55   21.000000   47.400333   2.079120e+02   1.223089e+01   1.814807e+00
 56   20.000000   55.955467   2.038819e+02   1.002190e+01   1.160300e+00
 57   19.000000   66.254532   2.004582e+02   6.965945e+00   5.574568e-01
 58   18.000000   78.628311   1.985063e+02   4.337896e+00   3.328838e-01
 59   17.000000   93.409454   1.970791e+02   3.087667e+00   1.976364e-01
 60   16.000000  111.050415   1.979047e+02   2.087007e+00   1.028197e-01
 61   15.000000  131.682281   2.029442e+02   1.326479e+00   6.046339e-02
 62   14.000000  155.361984   2.101101e+02   1.027498e+00   4.973721e-02
 63   13.000000  182.253845   2.177368e+02   9.763793e-01   4.247261e-02
 64   12.000000  212.630554   2.257329e+02   1.004680e+00   4.152490e-02
 65   11.000000  246.797058   2.337161e+02   1.200634e+00   4.772126e-02
 66   10.000000  285.266357   2.408666e+02   1.533015e+00   5.348594e-02
 67    9.000000  331.760498   2.472598e+02   2.019240e+00   5.681246e-02
 68    8.000000  376.976105   2.537745e+02   2.038739e+00   5.770000e-02
 69    7.000000  430.253845   2.603126e+02   2.417847e+00   5.755571e-02
 70    6.000000  489.690826   2.666634e+02   2.756530e+00   6.022803e-02
 71    5.000000  555.530457   2.731394e+02   2.936342e+00   5.303774e-02
 72    4.000000  628.571289   2.786133e+02   2.780010e+00   4.362521e-02
 73    3.000000  709.376099   2.841502e+02   2.783807e+00   4.386941e-02
 74    2.000000  800.455261   2.836069e+02   2.745111e+00   3.267621e-02
 75    1.000000  900.329773   2.885799e+02   2.424485e+00   2.897538e-02
 76    0.000000 1011.044556   2.964016e+02   2.495654e+00   2.827235e-02
